10000

2
3
4
4
5
7
9
10
12
12
12
14
15
17
18
19
20
21
23
24
26
26
26
28
28
30
33
34
35
36
36
41
41
43
43
44
45
47
50
51
51
52
54
55
57
58
59
61
61
63
68
68
68
69
71
71
71
72
73
75
77
77
77
78
80
83
84
85
85
86
86
87
87
88
90
91
93
95
96
96
97
97
100
101
101
105
105
105
106
107
108
108
108
109
109
109
109
111
111
112
117
117
118
118
119
119
119
119
121
121
122
122
126
127
129
129
130
130
131
133
133
133
134
134
135
137
137
138
139
139
139
139
140
145
146
147
150
150
150
151
152
153
153
153
154
154
155
156
157
158
158
159
159
159
160
160
163
163
167
169
170
173
173
174
174
174
176
176
177
181
183
184
186
186
187
188
188
189
191
191
194
195
195
195
196
196
197
198
200
201
201
202
202
203
203
203
203
204
207
208
208
209
210
210
211
212
213
215
218
218
225
226
226
228
229
230
231
231
232
232
233
236
238
239
242
242
244
246
246
247
250
252
252
252
257
257
257
258
258
259
261
261
261
263
266
267
267
267
268
269
270
272
273
273
274
275
277
281
283
285
288
290
290
292
294
294
296
298
299
302
302
305
306
306
306
306
307
307
308
308
309
311
311
312
312
313
313
314
318
318
320
320
321
322
323
324
325
325
325
327
327
329
329
332
334
334
335
337
340
340
341
342
344
345
346
348
350
350
352
353
353
354
356
357
358
358
360
360
360
362
363
365
368
369
370
371
372
373
373
377
379
379
380
381
382
384
388
389
389
390
392
393
394
395
397
400
401
403
405
405
407
407
407
409
409
409
410
411
415
416
416
418
421
421
422
423
424
425
426
426
428
428
430
431
431
431
432
435
437
437
438
439
440
440
440
440
441
441
442
445
446
448
449
449
450
453
454
457
457
458
459
462
462
463
463
465
467
469
471
472
472
473
473
474
474
475
475
475
476
476
477
478
478
479
479
480
481
481
483
484
484
486
487
487
487
488
489
492
494
496
497
501
503
505
506
508
508
509
510
511
511
511
511
512
513
515
518
518
519
520
520
520
521
521
522
524
526
526
526
528
528
529
529
530
531
531
532
534
535
535
536
536
537
538
539
540
542
543
547
547
548
549
550
551
551
551
555
556
558
563
565
566
568
568
569
569
571
571
572
576
579
579
580
583
585
588
588
588
589
590
591
591
596
599
600
600
601
602
602
603
603
605
606
606
607
607
607
607
608
610
612
613
613
613
613
614
614
617
617
619
619
619
619
619
620
621
621
622
622
627
628
628
631
635
636
637
638
640
641
642
643
644
645
646
646
647
647
648
649
652
652
653
654
654
654
654
655
657
657
660
660
660
660
661
663
663
666
666
667
667
669
670
673
673
673
674
675
675
675
675
682
685
685
686
686
686
687
688
689
690
692
692
692
692
693
694
694
695
697
698
700
700
702
702
707
707
710
710
711
712
712
713
713
714
716
716
716
718
718
719
719
720
720
720
720
722
722
722
723
723
724
725
725
726
727
728
732
732
733
733
736
738
739
740
742
742
743
743
743
745
745
746
746
746
746
746
747
750
750
750
751
751
751
751
752
753
753
754
754
754
756
757
758
761
762
763
765
769
770
770
771
772
776
779
782
782
783
783
783
784
786
789
791
794
795
796
797
798
798
798
798
798
799
802
803
804
804
805
808
808
808
814
814
814
816
816
819
821
822
823
824
825
827
827
828
829
829
829
829
830
830
832
832
833
834
835
839
841
842
842
843
845
845
846
846
849
850
850
853
854
854
854
854
854
855
856
858
859
859
860
861
861
862
862
863
865
866
867
867
870
870
870
871
872
873
873
878
879
879
880
880
882
882
882
886
886
886
887
887
888
888
889
890
890
891
891
892
892
893
894
894
894
894
895
895
895
895
896
898
898
899
902
902
903
905
907
908
909
910
912
914
915
917
917
917
917
917
918
919
919
919
920
920
921
921
921
923
925
925
928
931
932
932
933
937
938
940
940
942
942
945
945
946
946
948
949
950
951
954
956
959
959
959
960
961
961
963
963
964
965
966
967
970
972
972
973
976
978
978
980
982
982
982
982
983
983
984
984
985
985
986
987
988
991
991
992
993
994
994
995
995
995
997
999
999
1000
1000
1001
1007
1007
1008
1008
1010
1011
1012
1014
1014
1016
1016
1017
1018
1019
1021
1021
1021
1023
1023
1026
1030
1030
1030
1032
1033
1034
1034
1036
1036
1036
1037
1037
1038
1038
1038
1039
1041
1041
1042
1042
1044
1044
1045
1046
1046
1047
1048
1049
1050
1050
1053
1053
1056
1057
1059
1060
1061
1063
1064
1064
1066
1066
1070
1071
1071
1071
1072
1073
1073
1074
1076
1076
1077
1078
1078
1080
1082
1083
1084
1084
1084
1085
1085
1086
1088
1092
1093
1094
1094
1098
1098
1100
1101
1102
1103
1103
1104
1104
1105
1107
1107
1107
1107
1107
1107
1109
1109
1111
1112
1112
1114
1114
1114
1118
1118
1118
1119
1120
1121
1121
1122
1122
1123
1125
1125
1125
1127
1128
1128
1129
1130
1130
1131
1134
1134
1138
1138
1139
1140
1141
1141
1141
1141
1144
1144
1145
1146
1147
1147
1147
1149
1154
1154
1155
1159
1159
1161
1161
1161
1162
1163
1164
1164
1167
1167
1168
1168
1169
1169
1170
1170
1170
1174
1176
1177
1179
1181
1181
1182
1186
1189
1189
1190
1193
1194
1195
1195
1195
1196
1196
1197
1197
1199
1200
1201
1201
1205
1205
1205
1205
1208
1209
1209
1211
1212
1213
1214
1214
1216
1216
1216
1218
1219
1220
1221
1224
1226
1227
1227
1229
1229
1230
1230
1230
1233
1234
1235
1235
1236
1236
1238
1241
1244
1246
1246
1246
1252
1252
1253
1254
1254
1254
1257
1258
1259
1259
1260
1260
1261
1261
1261
1263
1264
1265
1265
1270
1271
1272
1274
1275
1276
1276
1277
1277
1277
1277
1280
1280
1280
1281
1281
1282
1282
1284
1285
1285
1286
1286
1287
1288
1289
1291
1292
1292
1293
1294
1294
1294
1295
1295
1295
1296
1297
1298
1298
1299
1301
1301
1303
1308
1308
1311
1311
1312
1312
1312
1312
1313
1313
1314
1315
1315
1316
1317
1318
1319
1321
1321
1323
1324
1325
1327
1329
1330
1331
1331
1334
1334
1336
1337
1338
1340
1341
1342
1342
1343
1343
1344
1344
1345
1348
1348
1350
1351
1351
1351
1352
1353
1353
1354
1355
1355
1362
1364
1364
1365
1370
1370
1374
1375
1375
1376
1376
1376
1377
1377
1381
1381
1382
1382
1383
1383
1387
1388
1388
1389
1389
1389
1390
1390
1391
1392
1392
1392
1393
1393
1394
1395
1396
1396
1397
1398
1399
1402
1403
1403
1404
1405
1405
1405
1405
1405
1406
1407
1407
1411
1411
1411
1413
1413
1413
1416
1416
1417
1418
1420
1421
1422
1423
1423
1425
1426
1426
1427
1427
1431
1431
1432
1434
1436
1436
1436
1437
1437
1437
1438
1439
1439
1443
1443
1443
1443
1443
1444
1445
1450
1450
1451
1454
1457
1458
1459
1460
1461
1461
1462
1463
1463
1464
1464
1464
1466
1466
1467
1468
1468
1469
1469
1469
1470
1475
1476
1476
1476
1477
1478
1478
1478
1479
1479
1479
1479
1480
1480
1480
1481
1481
1482
1482
1482
1484
1484
1486
1487
1488
1490
1490
1490
1492
1493
1493
1494
1495
1495
1495
1495
1495
1497
1498
1498
1500
1502
1503
1504
1504
1506
1507
1507
1507
1507
1512
1513
1513
1515
1516
1517
1518
1520
1521
1523
1523
1523
1524
1525
1525
1525
1526
1526
1526
1527
1527
1528
1528
1528
1529
1530
1531
1531
1532
1532
1534
1536
1540
1545
1546
1546
1549
1549
1549
1552
1553
1553
1557
1558
1560
1561
1561
1562
1563
1563
1563
1566
1566
1566
1568
1568
1571
1571
1572
1573
1574
1575
1578
1578
1578
1579
1579
1582
1583
1583
1585
1585
1585
1585
1587
1587
1588
1589
1590
1592
1592
1593
1594
1595
1595
1595
1596
1597
1600
1600
1600
1601
1601
1601
1602
1605
1606
1606
1607
1609
1610
1610
1611
1613
1613
1613
1616
1616
1617
1618
1618
1622
1623
1624
1624
1625
1626
1627
1628
1628
1632
1632
1632
1634
1636
1637
1638
1639
1640
1640
1641
1642
1642
1642
1643
1645
1645
1646
1647
1647
1647
1648
1648
1651
1652
1654
1654
1655
1655
1655
1656
1658
1658
1659
1660
1660
1660
1662
1664
1667
1668
1669
1669
1670
1670
1670
1671
1675
1675
1676
1677
1678
1678
1679
1679
1680
1680
1681
1681
1681
1682
1683
1683
1683
1685
1685
1685
1686
1687
1688
1690
1691
1692
1693
1693
1696
1697
1698
1698
1699
1700
1703
1703
1703
1704
1706
1706
1707
1710
1711
1713
1714
1716
1718
1719
1724
1724
1725
1728
1729
1729
1730
1731
1732
1735
1735
1735
1736
1736
1738
1739
1740
1741
1742
1742
1743
1743
1744
1745
1745
1746
1747
1747
1747
1748
1748
1750
1750
1751
1753
1753
1753
1754
1754
1754
1759
1759
1760
1762
1764
1765
1766
1767
1767
1768
1769
1770
1771
1771
1772
1772
1772
1772
1774
1776
1777
1777
1779
1780
1782
1784
1785
1786
1787
1790
1790
1791
1791
1791
1792
1792
1792
1792
1793
1796
1797
1798
1801
1802
1805
1807
1808
1808
1809
1810
1810
1810
1815
1816
1817
1817
1817
1818
1818
1818
1819
1819
1821
1822
1824
1825
1825
1828
1828
1831
1833
1833
1834
1834
1836
1839
1839
1841
1842
1844
1844
1844
1846
1847
1848
1849
1849
1850
1851
1851
1851
1853
1855
1855
1855
1857
1858
1859
1859
1861
1861
1863
1865
1866
1866
1866
1867
1868
1868
1868
1868
1869
1869
1870
1871
1871
1872
1872
1874
1875
1875
1876
1876
1877
1877
1878
1879
1879
1880
1881
1883
1886
1886
1887
1888
1888
1890
1890
1891
1892
1893
1895
1896
1896
1896
1898
1898
1899
1900
1901
1901
1901
1902
1902
1903
1903
1905
1905
1909
1910
1912
1912
1913
1915
1915
1915
1916
1916
1917
1918
1923
1923
1924
1924
1925
1926
1926
1927
1928
1929
1930
1930
1930
1931
1932
1933
1935
1935
1935
1937
1937
1937
1939
1939
1940
1941
1942
1942
1943
1944
1944
1945
1946
1947
1949
1952
1952
1954
1956
1956
1957
1957
1959
1960
1961
1964
1965
1965
1965
1966
1966
1971
1971
1973
1975
1976
1976
1977
1977
1978
1979
1979
1979
1980
1980
1981
1982
1983
1984
1986
1987
1987
1989
1989
1990
1990
1991
1995
1996
1997
1997
1999
1999
2000
2000
2002
2002
2002
2003
2004
2005
2008
2008
2010
2011
2012
2014
2015
2015
2017
2018
2018
2019
2020
2023
2023
2025
2025
2025
2026
2026
2029
2029
2029
2030
2033
2035
2035
2035
2036
2038
2040
2040
2042
2043
2043
2044
2045
2046
2046
2049
2049
2050
2051
2054
2054
2057
2058
2058
2061
2062
2064
2065
2065
2068
2068
2069
2069
2069
2069
2070
2072
2072
2073
2074
2077
2078
2079
2080
2080
2083
2085
2086
2087
2087
2088
2088
2088
2089
2090
2090
2092
2092
2094
2094
2095
2096
2096
2097
2101
2101
2102
2102
2103
2103
2104
2104
2109
2109
2111
2113
2113
2115
2116
2116
2117
2119
2120
2121
2126
2127
2127
2129
2129
2130
2131
2132
2132
2132
2132
2134
2134
2136
2137
2138
2139
2140
2141
2142
2142
2143
2143
2144
2145
2145
2147
2148
2149
2149
2150
2151
2151
2152
2154
2156
2156
2159
2160
2160
2162
2162
2162
2162
2163
2164
2166
2166
2166
2167
2167
2168
2168
2171
2171
2172
2172
2174
2175
2175
2175
2175
2176
2178
2179
2182
2183
2185
2186
2186
2186
2188
2188
2189
2191
2193
2194
2194
2195
2195
2197
2197
2199
2200
2201
2201
2201
2201
2201
2202
2204
2204
2205
2206
2206
2208
2208
2210
2210
2214
2214
2214
2216
2217
2219
2220
2220
2222
2223
2223
2224
2224
2225
2225
2225
2227
2230
2231
2231
2234
2235
2235
2236
2236
2237
2237
2237
2237
2239
2239
2241
2244
2244
2246
2247
2248
2249
2249
2249
2249
2249
2249
2250
2251
2251
2253
2253
2254
2254
2254
2254
2255
2256
2256
2258
2259
2259
2261
2263
2263
2263
2264
2267
2268
2268
2268
2268
2268
2270
2271
2272
2274
2275
2276
2276
2277
2277
2277
2278
2279
2280
2281
2282
2285
2287
2287
2288
2289
2291
2291
2291
2291
2293
2293
2293
2294
2294
2294
2294
2296
2297
2298
2299
2300
2302
2303
2304
2305
2307
2309
2315
2316
2317
2317
2318
2319
2320
2320
2321
2322
2324
2325
2328
2329
2329
2330
2331
2331
2333
2333
2333
2334
2334
2335
2338
2339
2339
2340
2341
2341
2341
2345
2345
2346
2347
2348
2348
2348
2349
2353
2354
2354
2355
2355
2357
2358
2360
2360
2361
2362
2363
2364
2364
2365
2366
2367
2370
2370
2370
2371
2371
2373
2374
2375
2375
2377
2379
2379
2379
2382
2382
2382
2382
2385
2385
2386
2386
2386
2390
2390
2390
2391
2391
2392
2393
2394
2395
2396
2397
2400
2400
2400
2402
2404
2407
2407
2410
2415
2415
2415
2415
2416
2416
2416
2418
2418
2419
2420
2420
2421
2421
2422
2423
2423
2424
2424
2425
2426
2426
2427
2428
2429
2430
2431
2431
2431
2435
2435
2435
2436
2436
2436
2436
2439
2440
2441
2441
2441
2441
2442
2443
2444
2445
2445
2445
2445
2446
2446
2447
2447
2450
2451
2451
2451
2452
2456
2457
2457
2459
2460
2462
2464
2466
2466
2467
2469
2470
2471
2472
2472
2474
2474
2475
2477
2477
2477
2479
2481
2482
2484
2484
2485
2486
2486
2490
2493
2493
2497
2497
2498
2498
2501
2502
2502
2503
2503
2504
2504
2505
2505
2505
2507
2508
2509
2510
2510
2512
2514
2515
2515
2517
2519
2519
2520
2520
2522
2523
2524
2525
2526
2526
2526
2526
2527
2527
2527
2528
2528
2528
2528
2530
2532
2533
2533
2535
2536
2536
2536
2537
2537
2539
2540
2540
2541
2542
2545
2546
2546
2547
2547
2548
2550
2552
2554
2556
2556
2557
2558
2561
2562
2562
2565
2569
2570
2572
2573
2573
2573
2574
2574
2576
2578
2579
2579
2580
2580
2580
2581
2581
2581
2583
2584
2585
2585
2586
2588
2588
2589
2589
2590
2590
2590
2592
2592
2595
2596
2599
2599
2601
2602
2605
2605
2606
2608
2609
2609
2609
2611
2611
2612
2612
2616
2616
2617
2617
2618
2620
2622
2622
2622
2624
2626
2626
2627
2628
2628
2628
2631
2632
2634
2635
2635
2637
2637
2637
2638
2640
2642
2642
2644
2644
2644
2645
2645
2647
2648
2651
2651
2654
2654
2655
2655
2656
2657
2659
2659
2661
2662
2663
2663
2663
2664
2665
2665
2669
2669
2670
2670
2672
2676
2676
2677
2678
2680
2680
2682
2684
2684
2684
2685
2687
2689
2690
2690
2690
2693
2693
2694
2695
2696
2696
2698
2698
2700
2701
2702
2704
2704
2704
2705
2706
2710
2712
2713
2714
2714
2717
2718
2719
2720
2720
2722
2722
2725
2726
2726
2726
2726
2726
2728
2731
2731
2733
2734
2734
2735
2735
2736
2737
2737
2737
2739
2739
2740
2741
2741
2742
2743
2743
2743
2744
2745
2746
2746
2748
2749
2750
2751
2751
2753
2754
2754
2755
2756
2756
2756
2757
2757
2758
2759
2760
2760
2763
2763
2763
2765
2765
2769
2771
2773
2774
2774
2777
2778
2779
2781
2782
2784
2785
2786
2786
2788
2788
2791
2793
2794
2794
2794
2795
2795
2796
2796
2797
2799
2799
2800
2804
2805
2805
2806
2807
2808
2808
2809
2810
2814
2814
2815
2816
2816
2822
2822
2823
2827
2828
2829
2831
2832
2833
2833
2836
2838
2838
2839
2840
2842
2842
2843
2843
2844
2845
2846
2846
2847
2847
2848
2848
2849
2849
2852
2853
2854
2855
2855
2856
2859
2859
2860
2860
2861
2863
2863
2864
2866
2868
2868
2869
2869
2869
2870
2870
2870
2871
2872
2872
2873
2873
2874
2874
2876
2876
2877
2878
2878
2878
2879
2879
2880
2881
2882
2882
2884
2885
2886
2886
2887
2889
2891
2891
2894
2894
2898
2898
2901
2901
2902
2903
2904
2904
2904
2907
2907
2907
2908
2910
2911
2911
2912
2914
2916
2916
2917
2917
2918
2921
2924
2925
2925
2926
2926
2927
2928
2929
2930
2931
2931
2932
2933
2933
2933
2934
2935
2936
2938
2938
2939
2939
2939
2939
2939
2940
2940
2942
2943
2943
2944
2945
2946
2946
2947
2948
2948
2948
2948
2949
2950
2950
2951
2954
2955
2956
2956
2956
2957
2958
2959
2959
2960
2961
2963
2963
2964
2968
2970
2972
2973
2974
2974
2976
2978
2980
2980
2981
2982
2982
2984
2986
2987
2987
2989
2993
2994
2995
2997
2997
3000
3000
3000
3001
3003
3005
3006
3007
3008
3011
3013
3013
3013
3014
3015
3015
3016
3017
3019
3019
3021
3023
3023
3027
3028
3028
3028
3029
3030
3031
3033
3034
3034
3040
3042
3044
3044
3045
3045
3047
3047
3048
3049
3051
3053
3054
3054
3054
3055
3057
3057
3058
3059
3061
3063
3064
3064
3066
3067
3067
3067
3069
3071
3071
3073
3074
3077
3078
3080
3080
3080
3081
3083
3083
3084
3084
3085
3085
3086
3086
3087
3088
3088
3089
3090
3091
3091
3094
3094
3096
3097
3098
3099
3103
3103
3104
3105
3105
3106
3107
3108
3110
3110
3111
3111
3111
3111
3112
3112
3113
3114
3115
3116
3116
3117
3117
3120
3121
3121
3122
3123
3123
3123
3124
3126
3127
3128
3130
3131
3132
3138
3139
3139
3140
3140
3141
3144
3144
3144
3145
3145
3145
3146
3149
3149
3150
3151
3151
3153
3154
3154
3155
3155
3155
3156
3158
3159
3160
3162
3162
3164
3164
3165
3165
3165
3167
3171
3171
3172
3173
3174
3175
3176
3177
3179
3179
3181
3182
3183
3184
3186
3186
3186
3186
3188
3188
3189
3190
3191
3194
3197
3197
3197
3198
3202
3202
3204
3206
3206
3207
3207
3210
3212
3213
3213
3213
3215
3217
3218
3219
3219
3222
3226
3229
3229
3233
3233
3233
3235
3237
3240
3242
3242
3245
3246
3247
3247
3249
3250
3255
3255
3256
3257
3258
3259
3259
3260
3261
3262
3262
3263
3263
3263
3264
3264
3265
3267
3268
3268
3268
3269
3269
3270
3272
3272
3272
3272
3273
3274
3275
3276
3277
3277
3278
3279
3279
3280
3282
3282
3282
3282
3283
3286
3288
3288
3288
3289
3289
3290
3291
3292
3293
3293
3296
3297
3298
3299
3300
3301
3303
3305
3305
3305
3306
3306
3308
3309
3309
3309
3310
3310
3311
3311
3312
3313
3314
3315
3315
3316
3319
3321
3322
3323
3324
3324
3326
3326
3328
3328
3329
3329
3330
3332
3334
3336
3336
3336
3338
3338
3340
3341
3343
3343
3346
3346
3347
3347
3349
3349
3350
3351
3352
3355
3361
3362
3362
3362
3363
3364
3366
3366
3366
3366
3367
3367
3368
3369
3370
3370
3372
3372
3373
3374
3374
3377
3378
3383
3385
3386
3386
3388
3388
3388
3388
3389
3390
3390
3391
3391
3394
3394
3395
3395
3395
3395
3397
3397
3398
3398
3402
3402
3403
3405
3405
3410
3412
3412
3413
3416
3420
3423
3425
3426
3426
3429
3429
3431
3432
3433
3433
3434
3434
3435
3436
3436
3437
3437
3438
3439
3439
3439
3439
3439
3442
3442
3444
3445
3447
3450
3451
3451
3451
3451
3453
3453
3454
3454
3455
3455
3457
3458
3459
3459
3461
3461
3461
3464
3464
3464
3466
3468
3468
3469
3470
3471
3471
3471
3472
3472
3476
3476
3477
3479
3480
3483
3484
3484
3486
3486
3486
3486
3490
3491
3493
3493
3493
3494
3496
3497
3502
3502
3503
3503
3505
3506
3506
3507
3508
3508
3510
3511
3511
3512
3514
3516
3518
3520
3520
3520
3523
3523
3525
3525
3528
3531
3532
3532
3533
3533
3534
3534
3535
3535
3538
3539
3542
3542
3542
3546
3547
3549
3550
3553
3554
3556
3556
3559
3560
3560
3560
3560
3561
3563
3566
3567
3569
3569
3570
3571
3572
3572
3572
3574
3576
3579
3579
3580
3581
3581
3581
3582
3583
3584
3585
3586
3586
3587
3588
3589
3589
3591
3593
3594
3595
3595
3595
3595
3596
3597
3599
3600
3603
3603
3604
3607
3609
3611
3611
3611
3612
3613
3614
3614
3614
3614
3615
3616
3617
3618
3618
3619
3620
3622
3622
3623
3624
3625
3626
3627
3627
3630
3630
3630
3631
3631
3634
3634
3636
3638
3638
3639
3639
3640
3640
3642
3642
3644
3644
3644
3645
3645
3647
3649
3649
3652
3653
3653
3655
3657
3658
3658
3659
3660
3663
3667
3667
3667
3670
3672
3674
3674
3674
3675
3676
3676
3678
3678
3679
3679
3679
3679
3681
3682
3682
3684
3684
3685
3688
3689
3693
3694
3695
3695
3696
3696
3696
3697
3697
3698
3698
3699
3701
3701
3701
3701
3706
3706
3707
3708
3708
3708
3712
3713
3715
3715
3716
3718
3722
3727
3728
3728
3728
3729
3729
3729
3729
3730
3732
3732
3734
3735
3735
3738
3739
3740
3743
3743
3744
3745
3748
3751
3751
3752
3753
3753
3756
3758
3760
3763
3764
3765
3765
3766
3767
3768
3769
3769
3770
3771
3771
3771
3772
3773
3774
3778
3782
3784
3784
3785
3788
3788
3789
3789
3792
3793
3793
3796
3797
3797
3799
3800
3803
3804
3805
3805
3805
3807
3808
3809
3810
3812
3812
3812
3813
3813
3814
3815
3815
3815
3815
3816
3818
3818
3818
3818
3819
3820
3824
3825
3826
3827
3827
3828
3829
3830
3830
3831
3831
3832
3834
3835
3837
3837
3839
3840
3841
3842
3843
3843
3845
3845
3846
3847
3847
3847
3848
3848
3849
3851
3854
3855
3856
3858
3859
3859
3861
3861
3863
3864
3866
3867
3867
3868
3869
3869
3869
3870
3870
3870
3872
3872
3872
3873
3873
3874
3875
3876
3879
3879
3879
3879
3880
3882
3883
3885
3886
3887
3890
3892
3892
3893
3893
3894
3894
3898
3898
3899
3899
3900
3900
3901
3901
3903
3906
3907
3908
3908
3909
3909
3909
3909
3910
3910
3911
3913
3913
3914
3917
3917
3919
3920
3920
3920
3921
3921
3922
3922
3924
3925
3926
3926
3927
3928
3930
3934
3935
3938
3938
3938
3939
3939
3940
3941
3942
3944
3944
3945
3946
3947
3947
3947
3949
3949
3950
3951
3952
3955
3955
3961
3962
3962
3963
3964
3964
3966
3966
3969
3970
3970
3971
3971
3972
3973
3975
3975
3976
3977
3978
3979
3979
3982
3983
3983
3984
3985
3986
3987
3987
3988
3991
3991
3992
3993
3993
3994
3995
3996
3997
3998
4001
4002
4003
4006
4007
4007
4010
4010
4010
4011
4012
4012
4013
4013
4013
4017
4017
4018
4019
4020
4022
4023
4024
4026
4027
4027
4030
4030
4034
4034
4034
4035
4036
4037
4038
4039
4041
4041
4042
4044
4044
4045
4050
4050
4050
4051
4052
4054
4054
4054
4055
4056
4056
4056
4057
4058
4060
4060
4061
4061
4062
4062
4065
4066
4066
4067
4067
4068
4068
4068
4068
4068
4069
4069
4073
4073
4074
4074
4076
4076
4077
4079
4080
4082
4083
4083
4088
4089
4089
4090
4090
4091
4092
4092
4093
4094
4094
4095
4096
4097
4097
4098
4098
4098
4099
4103
4103
4103
4106
4106
4106
4106
4107
4107
4108
4108
4108
4111
4112
4115
4117
4118
4119
4119
4120
4122
4123
4124
4126
4128
4128
4128
4129
4129
4130
4134
4136
4136
4136
4137
4140
4141
4141
4142
4144
4144
4145
4146
4147
4151
4151
4151
4152
4156
4156
4156
4158
4162
4163
4167
4167
4167
4167
4169
4170
4171
4171
4174
4176
4177
4178
4179
4180
4181
4183
4184
4184
4186
4187
4187
4188
4191
4193
4194
4194
4194
4199
4199
4199
4199
4202
4202
4204
4206
4210
4211
4214
4216
4216
4217
4217
4221
4222
4223
4223
4224
4225
4225
4226
4226
4226
4228
4231
4232
4233
4234
4238
4238
4238
4238
4239
4240
4241
4244
4245
4247
4248
4249
4250
4251
4253
4254
4255
4255
4256
4257
4257
4260
4263
4263
4263
4264
4265
4265
4267
4267
4268
4270
4270
4271
4273
4273
4273
4274
4276
4277
4278
4279
4279
4279
4280
4281
4282
4282
4283
4286
4286
4287
4288
4289
4290
4290
4290
4292
4293
4296
4296
4299
4301
4302
4303
4304
4305
4306
4307
4309
4309
4309
4311
4313
4313
4314
4315
4315
4315
4316
4316
4316
4321
4322
4326
4328
4328
4330
4332
4332
4332
4333
4334
4334
4334
4334
4335
4336
4337
4337
4340
4342
4342
4342
4343
4343
4343
4345
4346
4346
4346
4347
4348
4349
4350
4351
4352
4352
4353
4356
4356
4359
4360
4362
4363
4366
4367
4367
4369
4370
4372
4372
4373
4374
4375
4375
4375
4376
4376
4378
4380
4381
4381
4382
4383
4383
4383
4387
4389
4390
4390
4391
4396
4397
4398
4398
4399
4399
4400
4401
4401
4403
4404
4405
4406
4408
4409
4409
4410
4411
4412
4413
4413
4414
4415
4416
4419
4420
4421
4422
4423
4423
4424
4426
4430
4431
4439
4440
4441
4442
4443
4445
4445
4445
4446
4448
4449
4451
4452
4454
4455
4455
4456
4457
4459
4459
4461
4463
4464
4466
4467
4468
4468
4469
4470
4470
4471
4472
4473
4474
4474
4476
4477
4477
4478
4478
4479
4479
4479
4480
4481
4481
4481
4482
4483
4484
4486
4486
4488
4489
4490
4490
4490
4495
4495
4497
4497
4497
4498
4499
4499
4500
4501
4502
4502
4504
4505
4506
4506
4507
4509
4510
4511
4512
4513
4513
4515
4517
4520
4521
4521
4522
4522
4522
4524
4526
4527
4527
4529
4529
4529
4530
4531
4531
4533
4534
4534
4535
4537
4538
4541
4542
4543
4544
4544
4544
4545
4545
4545
4547
4551
4552
4553
4553
4554
4554
4555
4557
4557
4558
4558
4558
4559
4559
4561
4563
4563
4564
4564
4565
4565
4567
4570
4570
4572
4573
4574
4574
4574
4579
4579
4579
4582
4582
4583
4584
4584
4584
4585
4586
4589
4591
4592
4593
4594
4594
4594
4596
4598
4598
4600
4601
4603
4604
4604
4606
4607
4610
4610
4611
4613
4613
4615
4617
4617
4617
4618
4618
4623
4624
4625
4626
4627
4628
4632
4632
4633
4634
4635
4635
4636
4636
4637
4637
4638
4638
4639
4641
4641
4642
4642
4642
4644
4645
4645
4647
4647
4649
4650
4651
4652
4654
4654
4655
4655
4656
4656
4658
4659
4660
4660
4661
4661
4662
4662
4663
4664
4664
4665
4669
4669
4669
4670
4671
4671
4671
4672
4674
4674
4676
4676
4677
4679
4682
4682
4685
4685
4686
4688
4688
4690
4694
4694
4695
4696
4696
4698
4699
4699
4700
4701
4701
4703
4704
4704
4706
4707
4707
4709
4709
4713
4713
4713
4713
4714
4714
4716
4718
4718
4719
4720
4721
4721
4721
4723
4724
4725
4725
4727
4727
4729
4729
4729
4730
4732
4732
4733
4736
4739
4740
4740
4741
4742
4743
4743
4743
4744
4745
4745
4746
4748
4749
4749
4750
4751
4755
4755
4758
4759
4760
4761
4761
4761
4762
4763
4763
4765
4765
4768
4768
4769
4770
4770
4771
4772
4773
4774
4774
4776
4776
4776
4777
4778
4779
4779
4781
4782
4782
4782
4783
4784
4786
4787
4787
4789
4793
4795
4798
4800
4803
4804
4804
4807
4807
4808
4809
4810
4810
4814
4814
4815
4817
4818
4820
4820
4820
4820
4820
4821
4822
4824
4826
4826
4826
4827
4828
4829
4831
4832
4832
4832
4833
4834
4834
4835
4836
4836
4836
4836
4836
4837
4838
4840
4840
4841
4842
4843
4843
4844
4844
4845
4845
4846
4847
4847
4848
4851
4854
4857
4860
4860
4862
4864
4872
4872
4873
4873
4874
4874
4874
4877
4877
4878
4882
4883
4883
4884
4886
4889
4889
4889
4890
4890
4891
4891
4892
4892
4893
4896
4896
4897
4897
4897
4898
4901
4902
4903
4903
4903
4904
4904
4905
4906
4907
4907
4908
4909
4910
4910
4911
4912
4912
4914
4914
4915
4915
4916
4916
4918
4919
4919
4920
4920
4920
4921
4921
4921
4922
4922
4922
4923
4924
4924
4926
4928
4930
4931
4931
4933
4934
4934
4935
4935
4935
4938
4938
4938
4939
4940
4941
4941
4941
4942
4942
4943
4943
4945
4945
4946
4946
4946
4948
4948
4950
4950
4950
4951
4952
4952
4953
4954
4954
4957
4957
4959
4959
4960
4961
4962
4962
4962
4962
4962
4966
4966
4967
4968
4968
4969
4969
4971
4974
4976
4979
4979
4980
4980
4980
4980
4982
4982
4983
4983
4983
4985
4987
4987
4990
4990
4991
4991
4992
4992
4992
4993
4994
4995
4995
4996
4996
4996
4999
5000
5000
5001
5004
5004
5005
5005
5006
5007
5007
5009
5012
5014
5016
5017
5022
5022
5024
5025
5027
5027
5027
5032
5036
5037
5039
5039
5040
5041
5042
5043
5044
5045
5046
5047
5048
5048
5048
5048
5050
5050
5051
5051
5051
5052
5052
5053
5054
5054
5056
5058
5061
5061
5061
5061
5062
5063
5063
5064
5068
5068
5068
5068
5069
5071
5072
5073
5074
5075
5076
5078
5081
5081
5082
5083
5084
5085
5085
5086
5086
5086
5088
5091
5092
5093
5093
5095
5096
5096
5097
5098
5099
5102
5104
5105
5105
5106
5107
5108
5111
5112
5112
5114
5114
5114
5115
5116
5119
5120
5120
5120
5120
5120
5121
5121
5122
5123
5124
5124
5127
5127
5129
5130
5130
5132
5132
5133
5133
5133
5134
5134
5135
5135
5135
5135
5137
5139
5140
5140
5140
5141
5141
5143
5144
5144
5144
5144
5146
5148
5148
5149
5150
5151
5153
5153
5153
5154
5154
5155
5156
5158
5160
5162
5164
5165
5168
5169
5169
5170
5170
5170
5171
5172
5173
5173
5173
5175
5176
5177
5179
5180
5181
5181
5182
5182
5183
5184
5184
5184
5186
5186
5186
5186
5188
5188
5189
5189
5190
5192
5193
5195
5195
5195
5197
5199
5199
5199
5200
5202
5203
5204
5207
5207
5208
5210
5210
5211
5212
5213
5214
5214
5216
5216
5219
5219
5221
5222
5222
5222
5223
5225
5225
5226
5229
5229
5229
5232
5232
5234
5235
5237
5237
5238
5238
5239
5239
5242
5244
5246
5247
5247
5249
5250
5251
5251
5254
5254
5254
5254
5255
5255
5258
5258
5259
5261
5263
5263
5268
5269
5270
5270
5270
5270
5273
5273
5273
5274
5277
5278
5278
5279
5280
5280
5281
5281
5282
5283
5286
5286
5286
5286
5287
5287
5290
5290
5293
5294
5295
5296
5297
5297
5299
5299
5299
5299
5300
5300
5301
5302
5302
5303
5304
5305
5308
5310
5310
5311
5312
5313
5314
5315
5315
5315
5316
5317
5320
5320
5321
5322
5324
5324
5326
5326
5327
5328
5328
5329
5329
5330
5331
5332
5334
5337
5340
5340
5341
5341
5342
5343
5344
5344
5344
5345
5346
5347
5348
5348
5350
5353
5354
5354
5354
5355
5356
5357
5360
5360
5363
5363
5363
5364
5364
5365
5365
5368
5369
5371
5372
5373
5373
5374
5375
5376
5376
5376
5378
5379
5380
5382
5382
5384
5384
5385
5385
5385
5386
5388
5389
5394
5395
5395
5396
5396
5398
5400
5401
5401
5402
5404
5404
5405
5410
5411
5411
5411
5411
5412
5412
5413
5414
5416
5416
5417
5418
5420
5421
5422
5422
5423
5425
5425
5425
5426
5426
5426
5428
5428
5428
5428
5429
5432
5432
5432
5433
5433
5433
5435
5435
5436
5436
5438
5438
5439
5440
5440
5441
5443
5444
5445
5447
5448
5450
5451
5452
5453
5454
5455
5456
5457
5457
5459
5460
5461
5461
5461
5462
5464
5465
5465
5466
5466
5469
5469
5470
5478
5478
5479
5481
5483
5483
5484
5484
5485
5488
5489
5489
5489
5490
5491
5491
5492
5492
5494
5496
5497
5500
5500
5501
5501
5503
5504
5504
5505
5508
5508
5510
5512
5512
5512
5515
5515
5515
5518
5519
5522
5524
5524
5528
5528
5529
5529
5530
5530
5531
5532
5532
5534
5534
5534
5535
5536
5536
5537
5537
5537
5540
5543
5543
5544
5545
5545
5545
5547
5547
5549
5550
5550
5550
5554
5554
5555
5555
5556
5557
5557
5558
5559
5560
5563
5564
5565
5566
5568
5568
5568
5569
5570
5571
5572
5573
5574
5574
5575
5575
5576
5576
5577
5581
5582
5583
5583
5583
5583
5584
5585
5586
5591
5592
5593
5593
5593
5593
5596
5598
5599
5600
5600
5601
5602
5604
5605
5606
5607
5609
5614
5615
5615
5616
5616
5616
5617
5618
5618
5618
5619
5621
5621
5621
5622
5623
5624
5625
5627
5629
5630
5630
5630
5630
5631
5632
5633
5633
5634
5634
5634
5634
5634
5635
5636
5637
5639
5639
5641
5641
5642
5642
5643
5643
5645
5645
5645
5650
5652
5652
5654
5654
5655
5655
5655
5656
5657
5657
5658
5659
5662
5664
5665
5667
5669
5670
5672
5675
5676
5680
5681
5681
5682
5682
5682
5683
5689
5689
5690
5691
5691
5693
5694
5697
5698
5699
5700
5701
5701
5701
5704
5706
5707
5707
5707
5708
5708
5712
5712
5712
5713
5714
5715
5716
5719
5719
5725
5725
5728
5728
5729
5729
5730
5731
5732
5734
5737
5740
5740
5743
5743
5745
5748
5752
5753
5753
5754
5754
5755
5756
5757
5758
5759
5760
5760
5760
5760
5761
5762
5762
5762
5764
5765
5765
5766
5767
5767
5771
5771
5772
5773
5773
5773
5777
5779
5780
5781
5782
5782
5783
5784
5786
5786
5786
5793
5794
5794
5795
5798
5798
5799
5800
5803
5805
5805
5805
5808
5808
5811
5814
5814
5814
5817
5819
5819
5821
5821
5821
5822
5823
5823
5824
5825
5826
5827
5828
5829
5830
5833
5834
5834
5835
5842
5843
5847
5847
5849
5850
5851
5852
5856
5856
5856
5857
5858
5861
5862
5863
5863
5864
5865
5865
5865
5867
5867
5869
5870
5870
5871
5873
5874
5874
5876
5876
5877
5877
5878
5879
5879
5879
5881
5882
5882
5883
5883
5884
5884
5886
5886
5887
5887
5887
5890
5891
5891
5892
5893
5894
5897
5897
5899
5901
5902
5902
5902
5902
5903
5903
5903
5904
5905
5906
5906
5908
5909
5909
5910
5911
5912
5912
5913
5913
5914
5915
5916
5917
5917
5918
5919
5919
5919
5920
5922
5923
5923
5925
5926
5926
5928
5928
5928
5928
5929
5929
5930
5931
5932
5934
5935
5935
5935
5936
5940
5940
5941
5941
5943
5945
5946
5947
5948
5948
5948
5951
5953
5953
5953
5954
5955
5955
5960
5960
5962
5963
5964
5964
5966
5967
5968
5969
5969
5972
5975
5978
5978
5979
5981
5981
5982
5985
5986
5986
5987
5990
5990
5991
5991
5993
5993
5993
5994
5994
5995
5996
5996
6002
6003
6004
6004
6005
6007
6011
6013
6013
6015
6015
6019
6019
6021
6021
6022
6022
6023
6023
6023
6025
6026
6026
6026
6027
6029
6030
6032
6033
6034
6034
6036
6036
6037
6039
6039
6039
6040
6042
6042
6043
6044
6045
6045
6046
6047
6047
6047
6050
6050
6051
6052
6053
6053
6055
6056
6057
6057
6057
6057
6059
6061
6063
6066
6066
6069
6069
6070
6071
6071
6072
6074
6075
6076
6077
6078
6079
6079
6080
6082
6082
6085
6085
6087
6087
6089
6090
6091
6093
6093
6094
6096
6099
6100
6101
6102
6103
6103
6103
6106
6106
6109
6109
6109
6109
6110
6111
6112
6113
6113
6114
6114
6115
6115
6115
6117
6117
6117
6119
6120
6121
6121
6122
6122
6125
6126
6126
6127
6127
6127
6127
6130
6130
6132
6132
6132
6132
6132
6133
6136
6136
6137
6139
6139
6140
6140
6142
6143
6144
6145
6146
6147
6147
6148
6148
6150
6150
6151
6152
6153
6153
6155
6155
6157
6157
6159
6160
6162
6163
6164
6165
6166
6166
6167
6168
6169
6170
6171
6172
6172
6172
6173
6174
6177
6177
6179
6179
6180
6180
6181
6181
6182
6183
6184
6184
6185
6188
6189
6189
6189
6190
6190
6197
6197
6200
6200
6201
6202
6202
6204
6205
6205
6209
6209
6209
6210
6210
6211
6212
6212
6212
6214
6215
6217
6217
6220
6221
6222
6223
6224
6225
6225
6226
6227
6228
6228
6229
6230
6230
6230
6231
6233
6233
6233
6234
6236
6236
6237
6238
6238
6241
6241
6241
6242
6243
6244
6245
6245
6247
6247
6248
6249
6249
6249
6250
6250
6250
6250
6251
6252
6252
6252
6252
6253
6253
6254
6255
6257
6259
6259
6260
6263
6265
6265
6267
6267
6267
6268
6268
6270
6270
6271
6271
6272
6272
6272
6273
6275
6275
6275
6276
6276
6276
6277
6278
6281
6284
6284
6285
6285
6285
6285
6286
6287
6289
6289
6291
6291
6292
6292
6293
6293
6294
6295
6297
6298
6299
6300
6302
6303
6303
6303
6303
6304
6305
6305
6305
6305
6306
6306
6306
6309
6312
6312
6314
6314
6316
6320
6323
6323
6323
6324
6326
6327
6327
6330
6332
6333
6334
6334
6335
6337
6338
6339
6341
6343
6344
6345
6347
6348
6348
6348
6349
6349
6350
6350
6351
6354
6358
6359
6359
6359
6359
6360
6362
6364
6364
6364
6365
6365
6366
6367
6367
6367
6368
6368
6368
6370
6371
6372
6372
6374
6375
6376
6376
6376
6377
6382
6382
6383
6384
6386
6388
6389
6389
6390
6390
6390
6391
6392
6395
6396
6397
6398
6398
6400
6401
6401
6402
6404
6405
6407
6408
6408
6408
6409
6409
6412
6413
6413
6416
6419
6419
6420
6421
6422
6422
6424
6428
6430
6431
6432
6433
6435
6436
6437
6437
6438
6438
6438
6439
6439
6439
6439
6440
6441
6443
6444
6446
6448
6448
6451
6452
6454
6456
6457
6458
6459
6460
6461
6461
6462
6463
6465
6465
6466
6467
6468
6469
6469
6469
6471
6472
6472
6473
6474
6475
6476
6477
6477
6477
6479
6480
6482
6482
6482
6483
6484
6485
6485
6485
6485
6485
6487
6488
6489
6490
6493
6494
6495
6496
6499
6499
6500
6500
6501
6503
6503
6504
6505
6505
6506
6506
6506
6507
6511
6512
6512
6513
6513
6513
6514
6514
6516
6517
6519
6519
6521
6521
6522
6522
6523
6524
6524
6525
6525
6525
6526
6528
6529
6529
6530
6533
6533
6534
6535
6536
6537
6538
6541
6542
6543
6544
6545
6548
6548
6549
6549
6551
6554
6557
6558
6558
6559
6561
6562
6563
6564
6564
6564
6564
6564
6565
6565
6566
6567
6567
6567
6567
6568
6569
6570
6571
6571
6573
6577
6580
6581
6581
6581
6582
6582
6584
6584
6587
6587
6587
6589
6591
6591
6592
6593
6593
6595
6597
6599
6601
6603
6607
6608
6609
6610
6610
6610
6610
6610
6616
6617
6618
6619
6619
6621
6623
6623
6624
6625
6626
6626
6627
6627
6627
6628
6629
6629
6629
6632
6634
6637
6637
6638
6638
6641
6642
6643
6643
6643
6644
6644
6647
6648
6649
6650
6650
6653
6653
6654
6654
6656
6657
6659
6659
6659
6661
6663
6665
6667
6667
6669
6670
6670
6671
6672
6673
6673
6677
6678
6679
6679
6685
6686
6687
6689
6690
6691
6691
6692
6694
6694
6695
6695
6696
6698
6698
6698
6699
6699
6701
6704
6704
6705
6705
6706
6707
6709
6709
6710
6712
6714
6715
6718
6719
6720
6720
6722
6723
6724
6731
6731
6731
6731
6732
6732
6732
6733
6733
6736
6736
6736
6738
6738
6739
6739
6740
6744
6744
6745
6746
6746
6746
6746
6746
6747
6750
6751
6751
6751
6752
6752
6754
6756
6756
6756
6757
6758
6758
6760
6761
6762
6763
6764
6766
6766
6766
6766
6767
6768
6768
6769
6769
6770
6771
6771
6772
6774
6774
6776
6776
6777
6780
6780
6780
6781
6782
6783
6783
6783
6784
6784
6784
6786
6787
6787
6789
6791
6791
6791
6792
6792
6794
6794
6798
6798
6798
6798
6799
6799
6800
6801
6802
6803
6807
6807
6808
6808
6810
6810
6810
6811
6811
6812
6813
6813
6814
6814
6815
6815
6816
6816
6816
6817
6819
6820
6820
6820
6822
6823
6825
6825
6825
6825
6826
6826
6826
6829
6829
6830
6830
6831
6832
6835
6835
6836
6838
6838
6840
6842
6842
6844
6844
6845
6846
6847
6851
6853
6853
6854
6854
6856
6858
6859
6860
6860
6860
6862
6862
6863
6866
6866
6867
6867
6868
6869
6869
6869
6870
6871
6874
6874
6875
6875
6876
6878
6879
6879
6879
6883
6883
6884
6884
6886
6888
6889
6890
6893
6896
6896
6896
6898
6898
6898
6900
6901
6907
6907
6909
6910
6910
6911
6912
6913
6913
6913
6915
6915
6916
6917
6918
6920
6921
6921
6922
6922
6922
6923
6925
6926
6927
6929
6930
6930
6930
6931
6932
6932
6933
6933
6934
6935
6936
6937
6938
6938
6940
6940
6940
6940
6940
6942
6942
6943
6944
6944
6944
6945
6946
6948
6948
6948
6949
6949
6949
6951
6952
6956
6959
6960
6961
6962
6962
6964
6966
6966
6966
6972
6972
6975
6975
6975
6975
6978
6980
6980
6981
6982
6982
6984
6984
6985
6986
6988
6988
6991
6992
6993
6994
6996
6997
6998
6998
6998
6998
7000
7002
7003
7006
7006
7007
7008
7008
7008
7010
7011
7011
7012
7015
7015
7015
7016
7018
7019
7020
7021
7021
7023
7026
7026
7026
7028
7029
7030
7031
7033
7033
7034
7035
7036
7036
7037
7038
7038
7040
7042
7044
7044
7047
7047
7047
7047
7049
7052
7053
7053
7055
7055
7056
7056
7056
7056
7057
7057
7061
7061
7062
7063
7064
7066
7066
7067
7067
7067
7070
7074
7075
7075
7076
7076
7076
7077
7078
7078
7079
7080
7081
7082
7082
7084
7087
7087
7089
7092
7092
7093
7094
7095
7097
7102
7103
7106
7106
7107
7107
7108
7110
7111
7112
7113
7114
7114
7115
7116
7119
7119
7120
7122
7122
7123
7123
7124
7126
7127
7127
7127
7130
7131
7131
7133
7134
7134
7134
7136
7137
7139
7140
7140
7141
7141
7142
7142
7144
7145
7145
7145
7146
7146
7148
7148
7149
7150
7151
7156
7156
7158
7160
7160
7161
7162
7162
7166
7168
7168
7169
7171
7171
7172
7172
7173
7173
7174
7176
7178
7178
7179
7179
7179
7179
7180
7180
7180
7184
7184
7185
7188
7188
7188
7191
7192
7193
7194
7195
7196
7198
7200
7201
7202
7203
7204
7205
7205
7206
7207
7208
7209
7211
7211
7212
7213
7214
7216
7217
7217
7219
7219
7220
7221
7221
7223
7224
7226
7228
7231
7232
7232
7234
7234
7235
7237
7238
7238
7239
7240
7240
7240
7240
7240
7241
7241
7243
7243
7243
7244
7245
7245
7246
7246
7246
7248
7248
7249
7249
7250
7251
7252
7252
7254
7255
7258
7259
7259
7260
7260
7260
7260
7261
7261
7265
7265
7266
7268
7269
7270
7271
7271
7273
7273
7273
7274
7274
7275
7278
7278
7279
7279
7280
7280
7283
7284
7285
7286
7287
7288
7289
7290
7292
7293
7294
7295
7296
7296
7297
7299
7299
7299
7301
7301
7301
7302
7303
7304
7304
7305
7306
7306
7306
7307
7307
7307
7308
7309
7310
7311
7311
7312
7312
7312
7315
7315
7317
7318
7318
7318
7320
7320
7323
7325
7326
7327
7332
7342
7343
7345
7345
7346
7348
7349
7350
7351
7353
7354
7354
7354
7355
7355
7355
7356
7358
7358
7358
7360
7360
7360
7362
7362
7363
7363
7365
7366
7366
7367
7369
7369
7370
7371
7372
7372
7372
7373
7373
7374
7374
7374
7375
7378
7379
7380
7382
7382
7382
7382
7382
7384
7384
7385
7386
7388
7389
7389
7390
7392
7392
7392
7394
7398
7398
7398
7399
7400
7401
7402
7405
7405
7405
7405
7406
7406
7406
7407
7407
7407
7409
7412
7413
7413
7413
7413
7415
7416
7418
7418
7419
7420
7422
7424
7425
7425
7426
7427
7427
7429
7429
7429
7430
7430
7430
7431
7431
7432
7433
7433
7434
7434
7434
7434
7435
7435
7438
7439
7439
7440
7440
7440
7444
7444
7445
7445
7446
7449
7449
7450
7450
7450
7450
7451
7451
7452
7452
7453
7455
7455
7455
7455
7458
7461
7461
7461
7461
7462
7462
7463
7465
7468
7470
7470
7472
7472
7475
7475
7475
7477
7479
7479
7480
7480
7481
7484
7484
7484
7485
7485
7486
7487
7487
7487
7488
7489
7490
7490
7491
7492
7492
7493
7494
7497
7497
7497
7497
7499
7500
7500
7500
7502
7502
7502
7502
7504
7504
7505
7505
7507
7507
7509
7510
7512
7512
7514
7515
7516
7517
7517
7518
7518
7519
7520
7521
7521
7522
7524
7525
7527
7528
7530
7530
7531
7532
7532
7533
7533
7534
7538
7539
7540
7540
7541
7542
7543
7545
7547
7547
7547
7549
7551
7551
7552
7552
7553
7553
7554
7555
7556
7557
7558
7559
7559
7560
7561
7564
7565
7565
7566
7568
7570
7571
7571
7572
7573
7574
7576
7577
7578
7578
7580
7581
7581
7582
7582
7584
7584
7585
7586
7587
7587
7592
7593
7594
7595
7596
7597
7598
7599
7599
7599
7601
7602
7603
7605
7606
7606
7606
7607
7607
7607
7607
7608
7610
7612
7613
7613
7613
7613
7614
7614
7616
7617
7617
7618
7618
7619
7620
7620
7621
7623
7623
7625
7626
7626
7628
7630
7633
7634
7634
7636
7636
7636
7640
7641
7643
7644
7645
7647
7649
7649
7650
7651
7652
7653
7654
7655
7657
7658
7658
7658
7661
7669
7669
7669
7670
7672
7673
7674
7675
7676
7680
7680
7681
7682
7683
7683
7685
7686
7686
7688
7688
7689
7689
7689
7691
7693
7693
7693
7696
7696
7698
7700
7701
7703
7703
7704
7705
7706
7709
7710
7710
7711
7712
7712
7712
7713
7713
7714
7714
7714
7715
7716
7716
7717
7718
7719
7720
7721
7723
7724
7725
7725
7727
7728
7729
7730
7734
7735
7735
7737
7737
7739
7740
7741
7741
7743
7745
7747
7750
7750
7750
7751
7752
7753
7753
7753
7754
7754
7756
7756
7757
7757
7758
7759
7759
7759
7760
7761
7762
7763
7764
7764
7765
7765
7766
7766
7768
7771
7773
7773
7774
7775
7776
7776
7776
7777
7778
7778
7779
7779
7780
7781
7781
7781
7781
7785
7786
7786
7787
7787
7787
7787
7788
7788
7791
7793
7794
7794
7795
7795
7795
7796
7797
7797
7797
7798
7799
7799
7800
7801
7801
7802
7802
7803
7803
7803
7804
7804
7804
7806
7808
7808
7808
7809
7812
7813
7815
7817
7818
7818
7822
7823
7823
7826
7827
7828
7828
7830
7832
7834
7835
7836
7836
7837
7837
7838
7838
7840
7841
7843
7843
7844
7845
7847
7848
7848
7849
7849
7849
7850
7850
7852
7853
7855
7856
7857
7860
7861
7862
7862
7864
7864
7870
7871
7872
7873
7874
7876
7877
7879
7880
7883
7884
7884
7885
7887
7888
7889
7890
7890
7892
7892
7893
7895
7896
7897
7898
7899
7899
7900
7900
7900
7901
7901
7902
7902
7904
7905
7905
7906
7906
7908
7909
7910
7910
7912
7913
7913
7913
7914
7915
7917
7917
7918
7919
7922
7922
7922
7924
7925
7926
7933
7933
7934
7934
7934
7934
7935
7936
7937
7938
7939
7939
7940
7940
7941
7941
7942
7943
7943
7943
7945
7945
7948
7948
7950
7950
7952
7952
7953
7953
7954
7956
7957
7957
7958
7961
7961
7962
7962
7963
7965
7966
7967
7968
7969
7971
7971
7973
7973
7973
7974
7974
7975
7975
7976
7977
7979
7979
7983
7983
7987
7988
7988
7988
7988
7989
7989
7990
7993
7994
7994
7994
7995
7997
7998
8000
8000
8001
8002
8005
8005
8006
8006
8006
8006
8007
8009
8009
8009
8011
8012
8012
8012
8014
8016
8016
8018
8018
8020
8020
8021
8021
8022
8022
8023
8023
8026
8027
8028
8028
8030
8032
8032
8033
8033
8035
8036
8036
8038
8038
8038
8038
8039
8040
8042
8042
8043
8043
8044
8044
8045
8048
8050
8052
8052
8052
8053
8053
8055
8056
8056
8056
8056
8057
8057
8057
8057
8057
8060
8060
8061
8061
8062
8062
8064
8065
8065
8067
8068
8070
8072
8072
8075
8075
8077
8078
8079
8079
8080
8084
8085
8086
8086
8087
8089
8090
8091
8091
8093
8094
8095
8096
8096
8096
8097
8097
8099
8099
8100
8100
8106
8106
8107
8107
8109
8109
8109
8110
8111
8115
8116
8116
8116
8117
8118
8120
8121
8122
8124
8124
8124
8126
8126
8129
8129
8130
8130
8132
8133
8133
8134
8134
8139
8139
8143
8144
8146
8148
8148
8149
8149
8149
8150
8152
8152
8152
8152
8154
8154
8155
8155
8155
8158
8159
8160
8162
8162
8162
8164
8166
8166
8166
8167
8168
8169
8170
8172
8172
8172
8173
8173
8174
8176
8177
8178
8179
8180
8180
8181
8181
8183
8186
8186
8186
8186
8187
8189
8190
8190
8190
8191
8191
8193
8194
8197
8197
8198
8200
8200
8200
8200
8202
8203
8203
8203
8203
8204
8205
8210
8211
8213
8215
8216
8221
8221
8222
8222
8222
8223
8225
8226
8227
8228
8229
8230
8231
8231
8232
8232
8233
8233
8234
8235
8235
8236
8238
8239
8239
8239
8240
8244
8247
8247
8248
8249
8249
8249
8251
8254
8255
8256
8256
8260
8261
8261
8262
8262
8262
8264
8265
8265
8267
8267
8268
8268
8269
8269
8270
8271
8271
8271
8271
8273
8275
8276
8277
8279
8279
8280
8281
8281
8282
8282
8282
8283
8284
8284
8286
8287
8289
8289
8290
8290
8291
8292
8295
8296
8301
8301
8302
8302
8304
8306
8308
8309
8309
8310
8312
8312
8312
8313
8313
8314
8314
8314
8315
8316
8317
8318
8318
8318
8318
8319
8321
8323
8328
8328
8329
8329
8329
8332
8332
8334
8334
8336
8336
8336
8337
8338
8338
8342
8343
8347
8347
8349
8349
8350
8352
8356
8362
8362
8363
8363
8364
8364
8365
8367
8367
8369
8370
8370
8370
8371
8373
8375
8376
8377
8378
8380
8380
8381
8382
8382
8384
8384
8384
8386
8393
8394
8395
8396
8397
8398
8398
8400
8400
8400
8400
8402
8402
8407
8408
8409
8409
8410
8410
8410
8411
8411
8411
8412
8413
8413
8419
8420
8420
8423
8424
8424
8426
8427
8429
8431
8432
8434
8434
8434
8437
8437
8438
8443
8443
8444
8444
8445
8445
8445
8446
8447
8448
8451
8452
8452
8453
8455
8457
8457
8457
8458
8461
8461
8462
8463
8463
8465
8465
8465
8466
8468
8469
8470
8471
8471
8471
8475
8475
8475
8476
8477
8477
8480
8481
8482
8483
8483
8483
8486
8487
8489
8490
8490
8491
8492
8495
8496
8496
8499
8499
8500
8501
8502
8502
8503
8503
8505
8508
8509
8511
8512
8514
8515
8515
8515
8515
8516
8516
8516
8516
8517
8519
8519
8519
8521
8521
8525
8525
8526
8528
8530
8530
8531
8531
8531
8532
8534
8535
8536
8537
8538
8538
8538
8539
8541
8541
8542
8543
8544
8544
8549
8549
8549
8552
8553
8554
8557
8558
8559
8562
8562
8562
8562
8564
8565
8565
8565
8566
8566
8567
8569
8571
8571
8571
8571
8571
8571
8572
8573
8574
8575
8575
8577
8577
8580
8583
8583
8583
8585
8585
8585
8587
8587
8588
8590
8590
8590
8591
8592
8592
8592
8593
8596
8596
8597
8599
8601
8604
8606
8606
8606
8607
8609
8609
8610
8610
8610
8613
8613
8614
8615
8616
8616
8616
8618
8619
8619
8620
8622
8623
8623
8625
8625
8626
8626
8626
8627
8630
8631
8632
8634
8634
8636
8639
8641
8642
8646
8647
8648
8648
8649
8650
8654
8654
8656
8656
8665
8665
8667
8667
8668
8670
8670
8674
8674
8675
8675
8678
8678
8681
8681
8681
8684
8687
8687
8688
8690
8690
8691
8691
8692
8692
8692
8693
8694
8694
8698
8699
8699
8701
8701
8701
8702
8702
8703
8703
8703
8705
8705
8707
8710
8711
8714
8715
8716
8716
8718
8720
8721
8721
8722
8722
8724
8725
8726
8726
8728
8729
8729
8729
8731
8732
8733
8735
8736
8737
8738
8741
8741
8741
8741
8742
8743
8744
8744
8744
8746
8746
8748
8748
8749
8749
8750
8751
8752
8752
8752
8754
8756
8756
8756
8757
8758
8758
8760
8760
8760
8762
8763
8764
8765
8766
8768
8768
8771
8771
8774
8774
8776
8776
8776
8777
8778
8780
8780
8780
8781
8783
8784
8785
8785
8786
8786
8787
8788
8789
8790
8792
8792
8792
8793
8794
8797
8797
8798
8798
8799
8801
8801
8802
8803
8805
8805
8806
8807
8807
8808
8809
8809
8809
8809
8811
8811
8813
8814
8814
8815
8815
8817
8818
8819
8820
8822
8822
8822
8822
8825
8825
8825
8825
8826
8828
8831
8831
8835
8835
8836
8836
8836
8836
8837
8838
8838
8838
8838
8842
8842
8843
8843
8844
8844
8846
8847
8847
8847
8848
8850
8850
8850
8851
8851
8852
8855
8857
8857
8857
8857
8857
8857
8858
8859
8860
8861
8864
8865
8867
8867
8867
8870
8871
8872
8872
8873
8874
8876
8877
8878
8881
8883
8883
8883
8884
8884
8888
8888
8889
8889
8890
8891
8893
8898
8898
8898
8899
8899
8900
8900
8901
8902
8904
8905
8905
8907
8908
8908
8909
8909
8915
8915
8919
8920
8921
8921
8922
8922
8923
8929
8932
8936
8938
8939
8939
8940
8940
8942
8942
8944
8946
8947
8947
8948
8949
8949
8951
8952
8952
8953
8953
8955
8955
8956
8956
8956
8957
8963
8965
8967
8968
8968
8971
8971
8972
8973
8973
8974
8974
8976
8977
8978
8978
8978
8979
8981
8981
8982
8985
8986
8986
8987
8988
8988
8991
8992
8992
8993
8993
8993
8997
8999
8999
9001
9005
9005
9006
9006
9007
9008
9009
9011
9012
9012
9013
9013
9013
9014
9014
9016
9017
9017
9017
9018
9019
9020
9021
9021
9022
9023
9023
9025
9025
9027
9028
9030
9032
9033
9034
9034
9036
9038
9039
9039
9039
9039
9041
9041
9043
9043
9044
9045
9045
9045
9046
9046
9047
9049
9053
9055
9056
9056
9057
9058
9058
9059
9059
9061
9062
9063
9065
9065
9065
9065
9065
9066
9067
9067
9068
9069
9069
9070
9071
9071
9072
9074
9075
9076
9076
9078
9078
9079
9080
9081
9081
9082
9082
9084
9085
9086
9086
9086
9086
9087
9089
9089
9089
9092
9092
9093
9095
9095
9096
9097
9097
9099
9101
9105
9106
9107
9107
9107
9108
9109
9112
9114
9115
9116
9116
9118
9120
9121
9122
9122
9124
9126
9126
9126
9127
9129
9129
9131
9132
9132
9133
9134
9135
9136
9138
9138
9140
9142
9143
9143
9144
9144
9144
9145
9147
9148
9149
9150
9150
9151
9151
9153
9154
9155
9156
9156
9157
9158
9158
9159
9160
9160
9160
9161
9161
9163
9164
9164
9165
9167
9168
9168
9169
9173
9173
9174
9176
9177
9178
9181
9182
9184
9185
9187
9188
9190
9190
9190
9191
9192
9193
9195
9196
9196
9197
9198
9199
9199
9201
9202
9203
9203
9203
9205
9206
9207
9208
9208
9209
9209
9211
9211
9211
9212
9213
9214
9215
9216
9216
9217
9219
9220
9222
9223
9225
9226
9226
9226
9227
9227
9228
9229
9229
9233
9235
9235
9235
9236
9237
9238
9239
9240
9240
9241
9241
9244
9245
9247
9249
9251
9252
9255
9256
9257
9257
9258
9260
9261
9261
9264
9266
9266
9267
9267
9267
9267
9268
9268
9269
9270
9271
9271
9273
9273
9273
9275
9275
9276
9276
9279
9280
9281
9284
9285
9285
9287
9288
9288
9291
9292
9293
9294
9294
9294
9294
9294
9295
9296
9298
9300
9300
9301
9303
9303
9304
9304
9305
9306
9307
9309
9310
9311
9313
9314
9315
9317
9317
9318
9318
9321
9322
9322
9324
9325
9325
9326
9326
9326
9327
9330
9330
9331
9334
9336
9337
9338
9340
9341
9342
9343
9343
9344
9344
9345
9346
9346
9346
9347
9350
9350
9350
9352
9355
9355
9356
9356
9359
9361
9361
9362
9362
9362
9363
9364
9365
9366
9366
9367
9368
9368
9369
9369
9370
9371
9371
9371
9372
9373
9373
9374
9376
9376
9377
9377
9377
9379
9381
9381
9382
9383
9384
9384
9384
9384
9384
9385
9386
9386
9386
9387
9387
9389
9390
9392
9395
9396
9397
9397
9400
9400
9400
9403
9403
9403
9404
9404
9404
9406
9406
9407
9407
9407
9408
9413
9414
9414
9415
9416
9418
9418
9420
9420
9420
9421
9422
9423
9424
9425
9425
9425
9425
9426
9432
9432
9433
9433
9434
9434
9435
9436
9436
9436
9437
9437
9438
9439
9440
9440
9441
9441
9442
9442
9442
9443
9444
9445
9447
9447
9448
9448
9449
9450
9452
9452
9452
9453
9454
9457
9460
9460
9461
9461
9462
9462
9463
9464
9465
9465
9466
9469
9469
9469
9469
9470
9471
9472
9472
9473
9473
9474
9476
9476
9477
9478
9480
9481
9481
9482
9482
9485
9486
9486
9486
9489
9490
9493
9494
9495
9496
9496
9497
9499
9499
9502
9502
9503
9504
9505
9508
9508
9509
9510
9510
9511
9512
9513
9513
9514
9516
9516
9520
9520
9521
9521
9523
9529
9529
9530
9534
9534
9535
9535
9536
9539
9540
9541
9542
9543
9544
9544
9547
9547
9548
9548
9549
9551
9551
9552
9553
9555
9555
9558
9559
9561
9561
9561
9562
9563
9563
9563
9564
9568
9568
9568
9569
9569
9569
9570
9570
9572
9572
9572
9574
9574
9577
9577
9578
9578
9580
9580
9586
9587
9587
9588
9589
9589
9591
9591
9591
9592
9594
9594
9595
9596
9596
9596
9599
9602
9602
9603
9603
9603
9604
9604
9608
9609
9609
9609
9612
9615
9615
9616
9617
9617
9617
9618
9618
9618
9620
9621
9621
9623
9623
9624
9626
9626
9627
9627
9627
9628
9629
9629
9631
9631
9633
9633
9634
9637
9638
9639
9639
9641
9642
9643
9644
9645
9646
9648
9648
9648
9649
9649
9650
9651
9655
9656
9657
9659
9660
9660
9661
9661
9662
9663
9664
9668
9668
9670
9670
9670
9672
9672
9673
9675
9675
9676
9676
9677
9678
9679
9680
9680
9681
9683
9684
9684
9684
9690
9693
9693
9694
9695
9696
9696
9697
9698
9698
9698
9701
9703
9703
9703
9704
9706
9708
9708
9708
9709
9709
9710
9711
9712
9714
9715
9717
9718
9718
9719
9722
9727
9727
9727
9728
9728
9729
9729
9729
9730
9730
9731
9731
9731
9732
9733
9733
9733
9734
9735
9736
9737
9739
9741
9748
9748
9749
9750
9750
9750
9750
9751
9752
9752
9752
9753
9756
9758
9758
9759
9761
9762
9763
9764
9765
9767
9767
9767
9768
9769
9769
9770
9771
9771
9772
9772
9772
9774
9775
9776
9777
9778
9779
9780
9780
9781
9781
9782
9782
9783
9784
9784
9785
9786
9788
9789
9790
9791
9792
9792
9795
9796
9796
9797
9797
9797
9799
9799
9799
9801
9802
9802
9803
9809
9811
9812
9813
9813
9814
9820
9820
9821
9821
9823
9823
9824
9824
9827
9828
9828
9829
9830
9830
9830
9831
9831
9832
9833
9834
9835
9836
9837
9837
9838
9838
9840
9842
9845
9847
9850
9851
9851
9852
9855
9857
9857
9857
9858
9860
9862
9862
9864
9864
9865
9866
9866
9868
9869
9870
9870
9871
9871
9872
9874
9875
9876
9879
9880
9880
9880
9883
9883
9884
9884
9885
9885
9885
9886
9886
9888
9888
9890
9892
9892
9892
9894
9897
9897
9900
9900
9901
9903
9903
9903
9904
9906
9906
9907
9908
9908
9909
9910
9910
9912
9912
9913
9914
9914
9915
9916
9919
9919
9920
9920
9921
9922
9923
9923
9924
9924
9925
9925
9926
9927
9927
9928
9930
9930
9932
9933
9933
9934
9935
9935
9936
9938
9938
9939
9939
9940
9940
9942
9943
9944
9945
9947
9947
9948
9950
9951
9955
9955
9959
9961
9962
9963
9964
9967
9968
9969
9971
9973
9975
9976
9976
9976
9976
9978
9978
9978
9978
9978
9979
9979
9981
9985
9985
9985
9986
9989
9989
9992
9996
9996
9996
9999
10000
10000
10000