10000

10000
10000
10000
9999
9996
9996
9996
9992
9989
9989
9986
9985
9985
9985
9981
9979
9979
9978
9978
9978
9978
9978
9976
9976
9976
9976
9975
9973
9971
9969
9968
9967
9964
9963
9962
9961
9959
9955
9955
9951
9950
9948
9947
9947
9945
9944
9943
9942
9940
9940
9939
9939
9938
9938
9936
9935
9935
9934
9933
9933
9932
9930
9930
9928
9927
9927
9926
9925
9925
9924
9924
9923
9923
9922
9921
9920
9920
9919
9919
9916
9915
9914
9914
9913
9912
9912
9910
9910
9909
9908
9908
9907
9906
9906
9904
9903
9903
9903
9901
9900
9900
9897
9897
9894
9892
9892
9892
9890
9888
9888
9886
9886
9885
9885
9885
9884
9884
9883
9883
9880
9880
9880
9879
9876
9875
9874
9872
9871
9871
9870
9870
9869
9868
9866
9866
9865
9864
9864
9862
9862
9860
9858
9857
9857
9857
9855
9852
9851
9851
9850
9847
9845
9842
9840
9838
9838
9837
9837
9836
9835
9834
9833
9832
9831
9831
9830
9830
9830
9829
9828
9828
9827
9824
9824
9823
9823
9821
9821
9820
9820
9814
9813
9813
9812
9811
9809
9803
9802
9802
9801
9799
9799
9799
9797
9797
9797
9796
9796
9795
9792
9792
9791
9790
9789
9788
9786
9785
9784
9784
9783
9782
9782
9781
9781
9780
9780
9779
9778
9777
9776
9775
9774
9772
9772
9772
9771
9771
9770
9769
9769
9768
9767
9767
9767
9765
9764
9763
9762
9761
9759
9758
9758
9756
9753
9752
9752
9752
9751
9750
9750
9750
9750
9749
9748
9748
9741
9739
9737
9736
9735
9734
9733
9733
9733
9732
9731
9731
9731
9730
9730
9729
9729
9729
9728
9728
9727
9727
9727
9722
9719
9718
9718
9717
9715
9714
9712
9711
9710
9709
9709
9708
9708
9708
9706
9704
9703
9703
9703
9701
9698
9698
9698
9697
9696
9696
9695
9694
9693
9693
9690
9684
9684
9684
9683
9681
9680
9680
9679
9678
9677
9676
9676
9675
9675
9673
9672
9672
9670
9670
9670
9668
9668
9664
9663
9662
9661
9661
9660
9660
9659
9657
9656
9655
9651
9650
9649
9649
9648
9648
9648
9646
9645
9644
9643
9642
9641
9639
9639
9638
9637
9634
9633
9633
9631
9631
9629
9629
9628
9627
9627
9627
9626
9626
9624
9623
9623
9621
9621
9620
9618
9618
9618
9617
9617
9617
9616
9615
9615
9612
9609
9609
9609
9608
9604
9604
9603
9603
9603
9602
9602
9599
9596
9596
9596
9595
9594
9594
9592
9591
9591
9591
9589
9589
9588
9587
9587
9586
9580
9580
9578
9578
9577
9577
9574
9574
9572
9572
9572
9570
9570
9569
9569
9569
9568
9568
9568
9564
9563
9563
9563
9562
9561
9561
9561
9559
9558
9555
9555
9553
9552
9551
9551
9549
9548
9548
9547
9547
9544
9544
9543
9542
9541
9540
9539
9536
9535
9535
9534
9534
9530
9529
9529
9523
9521
9521
9520
9520
9516
9516
9514
9513
9513
9512
9511
9510
9510
9509
9508
9508
9505
9504
9503
9502
9502
9499
9499
9497
9496
9496
9495
9494
9493
9490
9489
9486
9486
9486
9485
9482
9482
9481
9481
9480
9478
9477
9476
9476
9474
9473
9473
9472
9472
9471
9470
9469
9469
9469
9469
9466
9465
9465
9464
9463
9462
9462
9461
9461
9460
9460
9457
9454
9453
9452
9452
9452
9450
9449
9448
9448
9447
9447
9445
9444
9443
9442
9442
9442
9441
9441
9440
9440
9439
9438
9437
9437
9436
9436
9436
9435
9434
9434
9433
9433
9432
9432
9426
9425
9425
9425
9425
9424
9423
9422
9421
9420
9420
9420
9418
9418
9416
9415
9414
9414
9413
9408
9407
9407
9407
9406
9406
9404
9404
9404
9403
9403
9403
9400
9400
9400
9397
9397
9396
9395
9392
9390
9389
9387
9387
9386
9386
9386
9385
9384
9384
9384
9384
9384
9383
9382
9381
9381
9379
9377
9377
9377
9376
9376
9374
9373
9373
9372
9371
9371
9371
9370
9369
9369
9368
9368
9367
9366
9366
9365
9364
9363
9362
9362
9362
9361
9361
9359
9356
9356
9355
9355
9352
9350
9350
9350
9347
9346
9346
9346
9345
9344
9344
9343
9343
9342
9341
9340
9338
9337
9336
9334
9331
9330
9330
9327
9326
9326
9326
9325
9325
9324
9322
9322
9321
9318
9318
9317
9317
9315
9314
9313
9311
9310
9309
9307
9306
9305
9304
9304
9303
9303
9301
9300
9300
9298
9296
9295
9294
9294
9294
9294
9294
9293
9292
9291
9288
9288
9287
9285
9285
9284
9281
9280
9279
9276
9276
9275
9275
9273
9273
9273
9271
9271
9270
9269
9268
9268
9267
9267
9267
9267
9266
9266
9264
9261
9261
9260
9258
9257
9257
9256
9255
9252
9251
9249
9247
9245
9244
9241
9241
9240
9240
9239
9238
9237
9236
9235
9235
9235
9233
9229
9229
9228
9227
9227
9226
9226
9226
9225
9223
9222
9220
9219
9217
9216
9216
9215
9214
9213
9212
9211
9211
9211
9209
9209
9208
9208
9207
9206
9205
9203
9203
9203
9202
9201
9199
9199
9198
9197
9196
9196
9195
9193
9192
9191
9190
9190
9190
9188
9187
9185
9184
9182
9181
9178
9177
9176
9174
9173
9173
9169
9168
9168
9167
9165
9164
9164
9163
9161
9161
9160
9160
9160
9159
9158
9158
9157
9156
9156
9155
9154
9153
9151
9151
9150
9150
9149
9148
9147
9145
9144
9144
9144
9143
9143
9142
9140
9138
9138
9136
9135
9134
9133
9132
9132
9131
9129
9129
9127
9126
9126
9126
9124
9122
9122
9121
9120
9118
9116
9116
9115
9114
9112
9109
9108
9107
9107
9107
9106
9105
9101
9099
9097
9097
9096
9095
9095
9093
9092
9092
9089
9089
9089
9087
9086
9086
9086
9086
9085
9084
9082
9082
9081
9081
9080
9079
9078
9078
9076
9076
9075
9074
9072
9071
9071
9070
9069
9069
9068
9067
9067
9066
9065
9065
9065
9065
9065
9063
9062
9061
9059
9059
9058
9058
9057
9056
9056
9055
9053
9049
9047
9046
9046
9045
9045
9045
9044
9043
9043
9041
9041
9039
9039
9039
9039
9038
9036
9034
9034
9033
9032
9030
9028
9027
9025
9025
9023
9023
9022
9021
9021
9020
9019
9018
9017
9017
9017
9016
9014
9014
9013
9013
9013
9012
9012
9011
9009
9008
9007
9006
9006
9005
9005
9001
8999
8999
8997
8993
8993
8993
8992
8992
8991
8988
8988
8987
8986
8986
8985
8982
8981
8981
8979
8978
8978
8978
8977
8976
8974
8974
8973
8973
8972
8971
8971
8968
8968
8967
8965
8963
8957
8956
8956
8956
8955
8955
8953
8953
8952
8952
8951
8949
8949
8948
8947
8947
8946
8944
8942
8942
8940
8940
8939
8939
8938
8936
8932
8929
8923
8922
8922
8921
8921
8920
8919
8915
8915
8909
8909
8908
8908
8907
8905
8905
8904
8902
8901
8900
8900
8899
8899
8898
8898
8898
8893
8891
8890
8889
8889
8888
8888
8884
8884
8883
8883
8883
8881
8878
8877
8876
8874
8873
8872
8872
8871
8870
8867
8867
8867
8865
8864
8861
8860
8859
8858
8857
8857
8857
8857
8857
8857
8855
8852
8851
8851
8850
8850
8850
8848
8847
8847
8847
8846
8844
8844
8843
8843
8842
8842
8838
8838
8838
8838
8837
8836
8836
8836
8836
8835
8835
8831
8831
8828
8826
8825
8825
8825
8825
8822
8822
8822
8822
8820
8819
8818
8817
8815
8815
8814
8814
8813
8811
8811
8809
8809
8809
8809
8808
8807
8807
8806
8805
8805
8803
8802
8801
8801
8799
8798
8798
8797
8797
8794
8793
8792
8792
8792
8790
8789
8788
8787
8786
8786
8785
8785
8784
8783
8781
8780
8780
8780
8778
8777
8776
8776
8776
8774
8774
8771
8771
8768
8768
8766
8765
8764
8763
8762
8760
8760
8760
8758
8758
8757
8756
8756
8756
8754
8752
8752
8752
8751
8750
8749
8749
8748
8748
8746
8746
8744
8744
8744
8743
8742
8741
8741
8741
8741
8738
8737
8736
8735
8733
8732
8731
8729
8729
8729
8728
8726
8726
8725
8724
8722
8722
8721
8721
8720
8718
8716
8716
8715
8714
8711
8710
8707
8705
8705
8703
8703
8703
8702
8702
8701
8701
8701
8699
8699
8698
8694
8694
8693
8692
8692
8692
8691
8691
8690
8690
8688
8687
8687
8684
8681
8681
8681
8678
8678
8675
8675
8674
8674
8670
8670
8668
8667
8667
8665
8665
8656
8656
8654
8654
8650
8649
8648
8648
8647
8646
8642
8641
8639
8636
8634
8634
8632
8631
8630
8627
8626
8626
8626
8625
8625
8623
8623
8622
8620
8619
8619
8618
8616
8616
8616
8615
8614
8613
8613
8610
8610
8610
8609
8609
8607
8606
8606
8606
8604
8601
8599
8597
8596
8596
8593
8592
8592
8592
8591
8590
8590
8590
8588
8587
8587
8585
8585
8585
8583
8583
8583
8580
8577
8577
8575
8575
8574
8573
8572
8571
8571
8571
8571
8571
8571
8569
8567
8566
8566
8565
8565
8565
8564
8562
8562
8562
8562
8559
8558
8557
8554
8553
8552
8549
8549
8549
8544
8544
8543
8542
8541
8541
8539
8538
8538
8538
8537
8536
8535
8534
8532
8531
8531
8531
8530
8530
8528
8526
8525
8525
8521
8521
8519
8519
8519
8517
8516
8516
8516
8516
8515
8515
8515
8515
8514
8512
8511
8509
8508
8505
8503
8503
8502
8502
8501
8500
8499
8499
8496
8496
8495
8492
8491
8490
8490
8489
8487
8486
8483
8483
8483
8482
8481
8480
8477
8477
8476
8475
8475
8475
8471
8471
8471
8470
8469
8468
8466
8465
8465
8465
8463
8463
8462
8461
8461
8458
8457
8457
8457
8455
8453
8452
8452
8451
8448
8447
8446
8445
8445
8445
8444
8444
8443
8443
8438
8437
8437
8434
8434
8434
8432
8431
8429
8427
8426
8424
8424
8423
8420
8420
8419
8413
8413
8412
8411
8411
8411
8410
8410
8410
8409
8409
8408
8407
8402
8402
8400
8400
8400
8400
8398
8398
8397
8396
8395
8394
8393
8386
8384
8384
8384
8382
8382
8381
8380
8380
8378
8377
8376
8375
8373
8371
8370
8370
8370
8369
8367
8367
8365
8364
8364
8363
8363
8362
8362
8356
8352
8350
8349
8349
8347
8347
8343
8342
8338
8338
8337
8336
8336
8336
8334
8334
8332
8332
8329
8329
8329
8328
8328
8323
8321
8319
8318
8318
8318
8318
8317
8316
8315
8314
8314
8314
8313
8313
8312
8312
8312
8310
8309
8309
8308
8306
8304
8302
8302
8301
8301
8296
8295
8292
8291
8290
8290
8289
8289
8287
8286
8284
8284
8283
8282
8282
8282
8281
8281
8280
8279
8279
8277
8276
8275
8273
8271
8271
8271
8271
8270
8269
8269
8268
8268
8267
8267
8265
8265
8264
8262
8262
8262
8261
8261
8260
8256
8256
8255
8254
8251
8249
8249
8249
8248
8247
8247
8244
8240
8239
8239
8239
8238
8236
8235
8235
8234
8233
8233
8232
8232
8231
8231
8230
8229
8228
8227
8226
8225
8223
8222
8222
8222
8221
8221
8216
8215
8213
8211
8210
8205
8204
8203
8203
8203
8203
8202
8200
8200
8200
8200
8198
8197
8197
8194
8193
8191
8191
8190
8190
8190
8189
8187
8186
8186
8186
8186
8183
8181
8181
8180
8180
8179
8178
8177
8176
8174
8173
8173
8172
8172
8172
8170
8169
8168
8167
8166
8166
8166
8164
8162
8162
8162
8160
8159
8158
8155
8155
8155
8154
8154
8152
8152
8152
8152
8150
8149
8149
8149
8148
8148
8146
8144
8143
8139
8139
8134
8134
8133
8133
8132
8130
8130
8129
8129
8126
8126
8124
8124
8124
8122
8121
8120
8118
8117
8116
8116
8116
8115
8111
8110
8109
8109
8109
8107
8107
8106
8106
8100
8100
8099
8099
8097
8097
8096
8096
8096
8095
8094
8093
8091
8091
8090
8089
8087
8086
8086
8085
8084
8080
8079
8079
8078
8077
8075
8075
8072
8072
8070
8068
8067
8065
8065
8064
8062
8062
8061
8061
8060
8060
8057
8057
8057
8057
8057
8056
8056
8056
8056
8055
8053
8053
8052
8052
8052
8050
8048
8045
8044
8044
8043
8043
8042
8042
8040
8039
8038
8038
8038
8038
8036
8036
8035
8033
8033
8032
8032
8030
8028
8028
8027
8026
8023
8023
8022
8022
8021
8021
8020
8020
8018
8018
8016
8016
8014
8012
8012
8012
8011
8009
8009
8009
8007
8006
8006
8006
8006
8005
8005
8002
8001
8000
8000
7998
7997
7995
7994
7994
7994
7993
7990
7989
7989
7988
7988
7988
7988
7987
7983
7983
7979
7979
7977
7976
7975
7975
7974
7974
7973
7973
7973
7971
7971
7969
7968
7967
7966
7965
7963
7962
7962
7961
7961
7958
7957
7957
7956
7954
7953
7953
7952
7952
7950
7950
7948
7948
7945
7945
7943
7943
7943
7942
7941
7941
7940
7940
7939
7939
7938
7937
7936
7935
7934
7934
7934
7934
7933
7933
7926
7925
7924
7922
7922
7922
7919
7918
7917
7917
7915
7914
7913
7913
7913
7912
7910
7910
7909
7908
7906
7906
7905
7905
7904
7902
7902
7901
7901
7900
7900
7900
7899
7899
7898
7897
7896
7895
7893
7892
7892
7890
7890
7889
7888
7887
7885
7884
7884
7883
7880
7879
7877
7876
7874
7873
7872
7871
7870
7864
7864
7862
7862
7861
7860
7857
7856
7855
7853
7852
7850
7850
7849
7849
7849
7848
7848
7847
7845
7844
7843
7843
7841
7840
7838
7838
7837
7837
7836
7836
7835
7834
7832
7830
7828
7828
7827
7826
7823
7823
7822
7818
7818
7817
7815
7813
7812
7809
7808
7808
7808
7806
7804
7804
7804
7803
7803
7803
7802
7802
7801
7801
7800
7799
7799
7798
7797
7797
7797
7796
7795
7795
7795
7794
7794
7793
7791
7788
7788
7787
7787
7787
7787
7786
7786
7785
7781
7781
7781
7781
7780
7779
7779
7778
7778
7777
7776
7776
7776
7775
7774
7773
7773
7771
7768
7766
7766
7765
7765
7764
7764
7763
7762
7761
7760
7759
7759
7759
7758
7757
7757
7756
7756
7754
7754
7753
7753
7753
7752
7751
7750
7750
7750
7747
7745
7743
7741
7741
7740
7739
7737
7737
7735
7735
7734
7730
7729
7728
7727
7725
7725
7724
7723
7721
7720
7719
7718
7717
7716
7716
7715
7714
7714
7714
7713
7713
7712
7712
7712
7711
7710
7710
7709
7706
7705
7704
7703
7703
7701
7700
7698
7696
7696
7693
7693
7693
7691
7689
7689
7689
7688
7688
7686
7686
7685
7683
7683
7682
7681
7680
7680
7676
7675
7674
7673
7672
7670
7669
7669
7669
7661
7658
7658
7658
7657
7655
7654
7653
7652
7651
7650
7649
7649
7647
7645
7644
7643
7641
7640
7636
7636
7636
7634
7634
7633
7630
7628
7626
7626
7625
7623
7623
7621
7620
7620
7619
7618
7618
7617
7617
7616
7614
7614
7613
7613
7613
7613
7612
7610
7608
7607
7607
7607
7607
7606
7606
7606
7605
7603
7602
7601
7599
7599
7599
7598
7597
7596
7595
7594
7593
7592
7587
7587
7586
7585
7584
7584
7582
7582
7581
7581
7580
7578
7578
7577
7576
7574
7573
7572
7571
7571
7570
7568
7566
7565
7565
7564
7561
7560
7559
7559
7558
7557
7556
7555
7554
7553
7553
7552
7552
7551
7551
7549
7547
7547
7547
7545
7543
7542
7541
7540
7540
7539
7538
7534
7533
7533
7532
7532
7531
7530
7530
7528
7527
7525
7524
7522
7521
7521
7520
7519
7518
7518
7517
7517
7516
7515
7514
7512
7512
7510
7509
7507
7507
7505
7505
7504
7504
7502
7502
7502
7502
7500
7500
7500
7499
7497
7497
7497
7497
7494
7493
7492
7492
7491
7490
7490
7489
7488
7487
7487
7487
7486
7485
7485
7484
7484
7484
7481
7480
7480
7479
7479
7477
7475
7475
7475
7472
7472
7470
7470
7468
7465
7463
7462
7462
7461
7461
7461
7461
7458
7455
7455
7455
7455
7453
7452
7452
7451
7451
7450
7450
7450
7450
7449
7449
7446
7445
7445
7444
7444
7440
7440
7440
7439
7439
7438
7435
7435
7434
7434
7434
7434
7433
7433
7432
7431
7431
7430
7430
7430
7429
7429
7429
7427
7427
7426
7425
7425
7424
7422
7420
7419
7418
7418
7416
7415
7413
7413
7413
7413
7412
7409
7407
7407
7407
7406
7406
7406
7405
7405
7405
7405
7402
7401
7400
7399
7398
7398
7398
7394
7392
7392
7392
7390
7389
7389
7388
7386
7385
7384
7384
7382
7382
7382
7382
7382
7380
7379
7378
7375
7374
7374
7374
7373
7373
7372
7372
7372
7371
7370
7369
7369
7367
7366
7366
7365
7363
7363
7362
7362
7360
7360
7360
7358
7358
7358
7356
7355
7355
7355
7354
7354
7354
7353
7351
7350
7349
7348
7346
7345
7345
7343
7342
7332
7327
7326
7325
7323
7320
7320
7318
7318
7318
7317
7315
7315
7312
7312
7312
7311
7311
7310
7309
7308
7307
7307
7307
7306
7306
7306
7305
7304
7304
7303
7302
7301
7301
7301
7299
7299
7299
7297
7296
7296
7295
7294
7293
7292
7290
7289
7288
7287
7286
7285
7284
7283
7280
7280
7279
7279
7278
7278
7275
7274
7274
7273
7273
7273
7271
7271
7270
7269
7268
7266
7265
7265
7261
7261
7260
7260
7260
7260
7259
7259
7258
7255
7254
7252
7252
7251
7250
7249
7249
7248
7248
7246
7246
7246
7245
7245
7244
7243
7243
7243
7241
7241
7240
7240
7240
7240
7240
7239
7238
7238
7237
7235
7234
7234
7232
7232
7231
7228
7226
7224
7223
7221
7221
7220
7219
7219
7217
7217
7216
7214
7213
7212
7211
7211
7209
7208
7207
7206
7205
7205
7204
7203
7202
7201
7200
7198
7196
7195
7194
7193
7192
7191
7188
7188
7188
7185
7184
7184
7180
7180
7180
7179
7179
7179
7179
7178
7178
7176
7174
7173
7173
7172
7172
7171
7171
7169
7168
7168
7166
7162
7162
7161
7160
7160
7158
7156
7156
7151
7150
7149
7148
7148
7146
7146
7145
7145
7145
7144
7142
7142
7141
7141
7140
7140
7139
7137
7136
7134
7134
7134
7133
7131
7131
7130
7127
7127
7127
7126
7124
7123
7123
7122
7122
7120
7119
7119
7116
7115
7114
7114
7113
7112
7111
7110
7108
7107
7107
7106
7106
7103
7102
7097
7095
7094
7093
7092
7092
7089
7087
7087
7084
7082
7082
7081
7080
7079
7078
7078
7077
7076
7076
7076
7075
7075
7074
7070
7067
7067
7067
7066
7066
7064
7063
7062
7061
7061
7057
7057
7056
7056
7056
7056
7055
7055
7053
7053
7052
7049
7047
7047
7047
7047
7044
7044
7042
7040
7038
7038
7037
7036
7036
7035
7034
7033
7033
7031
7030
7029
7028
7026
7026
7026
7023
7021
7021
7020
7019
7018
7016
7015
7015
7015
7012
7011
7011
7010
7008
7008
7008
7007
7006
7006
7003
7002
7000
6998
6998
6998
6998
6997
6996
6994
6993
6992
6991
6988
6988
6986
6985
6984
6984
6982
6982
6981
6980
6980
6978
6975
6975
6975
6975
6972
6972
6966
6966
6966
6964
6962
6962
6961
6960
6959
6956
6952
6951
6949
6949
6949
6948
6948
6948
6946
6945
6944
6944
6944
6943
6942
6942
6940
6940
6940
6940
6940
6938
6938
6937
6936
6935
6934
6933
6933
6932
6932
6931
6930
6930
6930
6929
6927
6926
6925
6923
6922
6922
6922
6921
6921
6920
6918
6917
6916
6915
6915
6913
6913
6913
6912
6911
6910
6910
6909
6907
6907
6901
6900
6898
6898
6898
6896
6896
6896
6893
6890
6889
6888
6886
6884
6884
6883
6883
6879
6879
6879
6878
6876
6875
6875
6874
6874
6871
6870
6869
6869
6869
6868
6867
6867
6866
6866
6863
6862
6862
6860
6860
6860
6859
6858
6856
6854
6854
6853
6853
6851
6847
6846
6845
6844
6844
6842
6842
6840
6838
6838
6836
6835
6835
6832
6831
6830
6830
6829
6829
6826
6826
6826
6825
6825
6825
6825
6823
6822
6820
6820
6820
6819
6817
6816
6816
6816
6815
6815
6814
6814
6813
6813
6812
6811
6811
6810
6810
6810
6808
6808
6807
6807
6803
6802
6801
6800
6799
6799
6798
6798
6798
6798
6794
6794
6792
6792
6791
6791
6791
6789
6787
6787
6786
6784
6784
6784
6783
6783
6783
6782
6781
6780
6780
6780
6777
6776
6776
6774
6774
6772
6771
6771
6770
6769
6769
6768
6768
6767
6766
6766
6766
6766
6764
6763
6762
6761
6760
6758
6758
6757
6756
6756
6756
6754
6752
6752
6751
6751
6751
6750
6747
6746
6746
6746
6746
6746
6745
6744
6744
6740
6739
6739
6738
6738
6736
6736
6736
6733
6733
6732
6732
6732
6731
6731
6731
6731
6724
6723
6722
6720
6720
6719
6718
6715
6714
6712
6710
6709
6709
6707
6706
6705
6705
6704
6704
6701
6699
6699
6698
6698
6698
6696
6695
6695
6694
6694
6692
6691
6691
6690
6689
6687
6686
6685
6679
6679
6678
6677
6673
6673
6672
6671
6670
6670
6669
6667
6667
6665
6663
6661
6659
6659
6659
6657
6656
6654
6654
6653
6653
6650
6650
6649
6648
6647
6644
6644
6643
6643
6643
6642
6641
6638
6638
6637
6637
6634
6632
6629
6629
6629
6628
6627
6627
6627
6626
6626
6625
6624
6623
6623
6621
6619
6619
6618
6617
6616
6610
6610
6610
6610
6610
6609
6608
6607
6603
6601
6599
6597
6595
6593
6593
6592
6591
6591
6589
6587
6587
6587
6584
6584
6582
6582
6581
6581
6581
6580
6577
6573
6571
6571
6570
6569
6568
6567
6567
6567
6567
6566
6565
6565
6564
6564
6564
6564
6564
6563
6562
6561
6559
6558
6558
6557
6554
6551
6549
6549
6548
6548
6545
6544
6543
6542
6541
6538
6537
6536
6535
6534
6533
6533
6530
6529
6529
6528
6526
6525
6525
6525
6524
6524
6523
6522
6522
6521
6521
6519
6519
6517
6516
6514
6514
6513
6513
6513
6512
6512
6511
6507
6506
6506
6506
6505
6505
6504
6503
6503
6501
6500
6500
6499
6499
6496
6495
6494
6493
6490
6489
6488
6487
6485
6485
6485
6485
6485
6484
6483
6482
6482
6482
6480
6479
6477
6477
6477
6476
6475
6474
6473
6472
6472
6471
6469
6469
6469
6468
6467
6466
6465
6465
6463
6462
6461
6461
6460
6459
6458
6457
6456
6454
6452
6451
6448
6448
6446
6444
6443
6441
6440
6439
6439
6439
6439
6438
6438
6438
6437
6437
6436
6435
6433
6432
6431
6430
6428
6424
6422
6422
6421
6420
6419
6419
6416
6413
6413
6412
6409
6409
6408
6408
6408
6407
6405
6404
6402
6401
6401
6400
6398
6398
6397
6396
6395
6392
6391
6390
6390
6390
6389
6389
6388
6386
6384
6383
6382
6382
6377
6376
6376
6376
6375
6374
6372
6372
6371
6370
6368
6368
6368
6367
6367
6367
6366
6365
6365
6364
6364
6364
6362
6360
6359
6359
6359
6359
6358
6354
6351
6350
6350
6349
6349
6348
6348
6348
6347
6345
6344
6343
6341
6339
6338
6337
6335
6334
6334
6333
6332
6330
6327
6327
6326
6324
6323
6323
6323
6320
6316
6314
6314
6312
6312
6309
6306
6306
6306
6305
6305
6305
6305
6304
6303
6303
6303
6303
6302
6300
6299
6298
6297
6295
6294
6293
6293
6292
6292
6291
6291
6289
6289
6287
6286
6285
6285
6285
6285
6284
6284
6281
6278
6277
6276
6276
6276
6275
6275
6275
6273
6272
6272
6272
6271
6271
6270
6270
6268
6268
6267
6267
6267
6265
6265
6263
6260
6259
6259
6257
6255
6254
6253
6253
6252
6252
6252
6252
6251
6250
6250
6250
6250
6249
6249
6249
6248
6247
6247
6245
6245
6244
6243
6242
6241
6241
6241
6238
6238
6237
6236
6236
6234
6233
6233
6233
6231
6230
6230
6230
6229
6228
6228
6227
6226
6225
6225
6224
6223
6222
6221
6220
6217
6217
6215
6214
6212
6212
6212
6211
6210
6210
6209
6209
6209
6205
6205
6204
6202
6202
6201
6200
6200
6197
6197
6190
6190
6189
6189
6189
6188
6185
6184
6184
6183
6182
6181
6181
6180
6180
6179
6179
6177
6177
6174
6173
6172
6172
6172
6171
6170
6169
6168
6167
6166
6166
6165
6164
6163
6162
6160
6159
6157
6157
6155
6155
6153
6153
6152
6151
6150
6150
6148
6148
6147
6147
6146
6145
6144
6143
6142
6140
6140
6139
6139
6137
6136
6136
6133
6132
6132
6132
6132
6132
6130
6130
6127
6127
6127
6127
6126
6126
6125
6122
6122
6121
6121
6120
6119
6117
6117
6117
6115
6115
6115
6114
6114
6113
6113
6112
6111
6110
6109
6109
6109
6109
6106
6106
6103
6103
6103
6102
6101
6100
6099
6096
6094
6093
6093
6091
6090
6089
6087
6087
6085
6085
6082
6082
6080
6079
6079
6078
6077
6076
6075
6074
6072
6071
6071
6070
6069
6069
6066
6066
6063
6061
6059
6057
6057
6057
6057
6056
6055
6053
6053
6052
6051
6050
6050
6047
6047
6047
6046
6045
6045
6044
6043
6042
6042
6040
6039
6039
6039
6037
6036
6036
6034
6034
6033
6032
6030
6029
6027
6026
6026
6026
6025
6023
6023
6023
6022
6022
6021
6021
6019
6019
6015
6015
6013
6013
6011
6007
6005
6004
6004
6003
6002
5996
5996
5995
5994
5994
5993
5993
5993
5991
5991
5990
5990
5987
5986
5986
5985
5982
5981
5981
5979
5978
5978
5975
5972
5969
5969
5968
5967
5966
5964
5964
5963
5962
5960
5960
5955
5955
5954
5953
5953
5953
5951
5948
5948
5948
5947
5946
5945
5943
5941
5941
5940
5940
5936
5935
5935
5935
5934
5932
5931
5930
5929
5929
5928
5928
5928
5928
5926
5926
5925
5923
5923
5922
5920
5919
5919
5919
5918
5917
5917
5916
5915
5914
5913
5913
5912
5912
5911
5910
5909
5909
5908
5906
5906
5905
5904
5903
5903
5903
5902
5902
5902
5902
5901
5899
5897
5897
5894
5893
5892
5891
5891
5890
5887
5887
5887
5886
5886
5884
5884
5883
5883
5882
5882
5881
5879
5879
5879
5878
5877
5877
5876
5876
5874
5874
5873
5871
5870
5870
5869
5867
5867
5865
5865
5865
5864
5863
5863
5862
5861
5858
5857
5856
5856
5856
5852
5851
5850
5849
5847
5847
5843
5842
5835
5834
5834
5833
5830
5829
5828
5827
5826
5825
5824
5823
5823
5822
5821
5821
5821
5819
5819
5817
5814
5814
5814
5811
5808
5808
5805
5805
5805
5803
5800
5799
5798
5798
5795
5794
5794
5793
5786
5786
5786
5784
5783
5782
5782
5781
5780
5779
5777
5773
5773
5773
5772
5771
5771
5767
5767
5766
5765
5765
5764
5762
5762
5762
5761
5760
5760
5760
5760
5759
5758
5757
5756
5755
5754
5754
5753
5753
5752
5748
5745
5743
5743
5740
5740
5737
5734
5732
5731
5730
5729
5729
5728
5728
5725
5725
5719
5719
5716
5715
5714
5713
5712
5712
5712
5708
5708
5707
5707
5707
5706
5704
5701
5701
5701
5700
5699
5698
5697
5694
5693
5691
5691
5690
5689
5689
5683
5682
5682
5682
5681
5681
5680
5676
5675
5672
5670
5669
5667
5665
5664
5662
5659
5658
5657
5657
5656
5655
5655
5655
5654
5654
5652
5652
5650
5645
5645
5645
5643
5643
5642
5642
5641
5641
5639
5639
5637
5636
5635
5634
5634
5634
5634
5634
5633
5633
5632
5631
5630
5630
5630
5630
5629
5627
5625
5624
5623
5622
5621
5621
5621
5619
5618
5618
5618
5617
5616
5616
5616
5615
5615
5614
5609
5607
5606
5605
5604
5602
5601
5600
5600
5599
5598
5596
5593
5593
5593
5593
5592
5591
5586
5585
5584
5583
5583
5583
5583
5582
5581
5577
5576
5576
5575
5575
5574
5574
5573
5572
5571
5570
5569
5568
5568
5568
5566
5565
5564
5563
5560
5559
5558
5557
5557
5556
5555
5555
5554
5554
5550
5550
5550
5549
5547
5547
5545
5545
5545
5544
5543
5543
5540
5537
5537
5537
5536
5536
5535
5534
5534
5534
5532
5532
5531
5530
5530
5529
5529
5528
5528
5524
5524
5522
5519
5518
5515
5515
5515
5512
5512
5512
5510
5508
5508
5505
5504
5504
5503
5501
5501
5500
5500
5497
5496
5494
5492
5492
5491
5491
5490
5489
5489
5489
5488
5485
5484
5484
5483
5483
5481
5479
5478
5478
5470
5469
5469
5466
5466
5465
5465
5464
5462
5461
5461
5461
5460
5459
5457
5457
5456
5455
5454
5453
5452
5451
5450
5448
5447
5445
5444
5443
5441
5440
5440
5439
5438
5438
5436
5436
5435
5435
5433
5433
5433
5432
5432
5432
5429
5428
5428
5428
5428
5426
5426
5426
5425
5425
5425
5423
5422
5422
5421
5420
5418
5417
5416
5416
5414
5413
5412
5412
5411
5411
5411
5411
5410
5405
5404
5404
5402
5401
5401
5400
5398
5396
5396
5395
5395
5394
5389
5388
5386
5385
5385
5385
5384
5384
5382
5382
5380
5379
5378
5376
5376
5376
5375
5374
5373
5373
5372
5371
5369
5368
5365
5365
5364
5364
5363
5363
5363
5360
5360
5357
5356
5355
5354
5354
5354
5353
5350
5348
5348
5347
5346
5345
5344
5344
5344
5343
5342
5341
5341
5340
5340
5337
5334
5332
5331
5330
5329
5329
5328
5328
5327
5326
5326
5324
5324
5322
5321
5320
5320
5317
5316
5315
5315
5315
5314
5313
5312
5311
5310
5310
5308
5305
5304
5303
5302
5302
5301
5300
5300
5299
5299
5299
5299
5297
5297
5296
5295
5294
5293
5290
5290
5287
5287
5286
5286
5286
5286
5283
5282
5281
5281
5280
5280
5279
5278
5278
5277
5274
5273
5273
5273
5270
5270
5270
5270
5269
5268
5263
5263
5261
5259
5258
5258
5255
5255
5254
5254
5254
5254
5251
5251
5250
5249
5247
5247
5246
5244
5242
5239
5239
5238
5238
5237
5237
5235
5234
5232
5232
5229
5229
5229
5226
5225
5225
5223
5222
5222
5222
5221
5219
5219
5216
5216
5214
5214
5213
5212
5211
5210
5210
5208
5207
5207
5204
5203
5202
5200
5199
5199
5199
5197
5195
5195
5195
5193
5192
5190
5189
5189
5188
5188
5186
5186
5186
5186
5184
5184
5184
5183
5182
5182
5181
5181
5180
5179
5177
5176
5175
5173
5173
5173
5172
5171
5170
5170
5170
5169
5169
5168
5165
5164
5162
5160
5158
5156
5155
5154
5154
5153
5153
5153
5151
5150
5149
5148
5148
5146
5144
5144
5144
5144
5143
5141
5141
5140
5140
5140
5139
5137
5135
5135
5135
5135
5134
5134
5133
5133
5133
5132
5132
5130
5130
5129
5127
5127
5124
5124
5123
5122
5121
5121
5120
5120
5120
5120
5120
5119
5116
5115
5114
5114
5114
5112
5112
5111
5108
5107
5106
5105
5105
5104
5102
5099
5098
5097
5096
5096
5095
5093
5093
5092
5091
5088
5086
5086
5086
5085
5085
5084
5083
5082
5081
5081
5078
5076
5075
5074
5073
5072
5071
5069
5068
5068
5068
5068
5064
5063
5063
5062
5061
5061
5061
5061
5058
5056
5054
5054
5053
5052
5052
5051
5051
5051
5050
5050
5048
5048
5048
5048
5047
5046
5045
5044
5043
5042
5041
5040
5039
5039
5037
5036
5032
5027
5027
5027
5025
5024
5022
5022
5017
5016
5014
5012
5009
5007
5007
5006
5005
5005
5004
5004
5001
5000
5000
4999
4996
4996
4996
4995
4995
4994
4993
4992
4992
4992
4991
4991
4990
4990
4987
4987
4985
4983
4983
4983
4982
4982
4980
4980
4980
4980
4979
4979
4976
4974
4971
4969
4969
4968
4968
4967
4966
4966
4962
4962
4962
4962
4962
4961
4960
4959
4959
4957
4957
4954
4954
4953
4952
4952
4951
4950
4950
4950
4948
4948
4946
4946
4946
4945
4945
4943
4943
4942
4942
4941
4941
4941
4940
4939
4938
4938
4938
4935
4935
4935
4934
4934
4933
4931
4931
4930
4928
4926
4924
4924
4923
4922
4922
4922
4921
4921
4921
4920
4920
4920
4919
4919
4918
4916
4916
4915
4915
4914
4914
4912
4912
4911
4910
4910
4909
4908
4907
4907
4906
4905
4904
4904
4903
4903
4903
4902
4901
4898
4897
4897
4897
4896
4896
4893
4892
4892
4891
4891
4890
4890
4889
4889
4889
4886
4884
4883
4883
4882
4878
4877
4877
4874
4874
4874
4873
4873
4872
4872
4864
4862
4860
4860
4857
4854
4851
4848
4847
4847
4846
4845
4845
4844
4844
4843
4843
4842
4841
4840
4840
4838
4837
4836
4836
4836
4836
4836
4835
4834
4834
4833
4832
4832
4832
4831
4829
4828
4827
4826
4826
4826
4824
4822
4821
4820
4820
4820
4820
4820
4818
4817
4815
4814
4814
4810
4810
4809
4808
4807
4807
4804
4804
4803
4800
4798
4795
4793
4789
4787
4787
4786
4784
4783
4782
4782
4782
4781
4779
4779
4778
4777
4776
4776
4776
4774
4774
4773
4772
4771
4770
4770
4769
4768
4768
4765
4765
4763
4763
4762
4761
4761
4761
4760
4759
4758
4755
4755
4751
4750
4749
4749
4748
4746
4745
4745
4744
4743
4743
4743
4742
4741
4740
4740
4739
4736
4733
4732
4732
4730
4729
4729
4729
4727
4727
4725
4725
4724
4723
4721
4721
4721
4720
4719
4718
4718
4716
4714
4714
4713
4713
4713
4713
4709
4709
4707
4707
4706
4704
4704
4703
4701
4701
4700
4699
4699
4698
4696
4696
4695
4694
4694
4690
4688
4688
4686
4685
4685
4682
4682
4679
4677
4676
4676
4674
4674
4672
4671
4671
4671
4670
4669
4669
4669
4665
4664
4664
4663
4662
4662
4661
4661
4660
4660
4659
4658
4656
4656
4655
4655
4654
4654
4652
4651
4650
4649
4647
4647
4645
4645
4644
4642
4642
4642
4641
4641
4639
4638
4638
4637
4637
4636
4636
4635
4635
4634
4633
4632
4632
4628
4627
4626
4625
4624
4623
4618
4618
4617
4617
4617
4615
4613
4613
4611
4610
4610
4607
4606
4604
4604
4603
4601
4600
4598
4598
4596
4594
4594
4594
4593
4592
4591
4589
4586
4585
4584
4584
4584
4583
4582
4582
4579
4579
4579
4574
4574
4574
4573
4572
4570
4570
4567
4565
4565
4564
4564
4563
4563
4561
4559
4559
4558
4558
4558
4557
4557
4555
4554
4554
4553
4553
4552
4551
4547
4545
4545
4545
4544
4544
4544
4543
4542
4541
4538
4537
4535
4534
4534
4533
4531
4531
4530
4529
4529
4529
4527
4527
4526
4524
4522
4522
4522
4521
4521
4520
4517
4515
4513
4513
4512
4511
4510
4509
4507
4506
4506
4505
4504
4502
4502
4501
4500
4499
4499
4498
4497
4497
4497
4495
4495
4490
4490
4490
4489
4488
4486
4486
4484
4483
4482
4481
4481
4481
4480
4479
4479
4479
4478
4478
4477
4477
4476
4474
4474
4473
4472
4471
4470
4470
4469
4468
4468
4467
4466
4464
4463
4461
4459
4459
4457
4456
4455
4455
4454
4452
4451
4449
4448
4446
4445
4445
4445
4443
4442
4441
4440
4439
4431
4430
4426
4424
4423
4423
4422
4421
4420
4419
4416
4415
4414
4413
4413
4412
4411
4410
4409
4409
4408
4406
4405
4404
4403
4401
4401
4400
4399
4399
4398
4398
4397
4396
4391
4390
4390
4389
4387
4383
4383
4383
4382
4381
4381
4380
4378
4376
4376
4375
4375
4375
4374
4373
4372
4372
4370
4369
4367
4367
4366
4363
4362
4360
4359
4356
4356
4353
4352
4352
4351
4350
4349
4348
4347
4346
4346
4346
4345
4343
4343
4343
4342
4342
4342
4340
4337
4337
4336
4335
4334
4334
4334
4334
4333
4332
4332
4332
4330
4328
4328
4326
4322
4321
4316
4316
4316
4315
4315
4315
4314
4313
4313
4311
4309
4309
4309
4307
4306
4305
4304
4303
4302
4301
4299
4296
4296
4293
4292
4290
4290
4290
4289
4288
4287
4286
4286
4283
4282
4282
4281
4280
4279
4279
4279
4278
4277
4276
4274
4273
4273
4273
4271
4270
4270
4268
4267
4267
4265
4265
4264
4263
4263
4263
4260
4257
4257
4256
4255
4255
4254
4253
4251
4250
4249
4248
4247
4245
4244
4241
4240
4239
4238
4238
4238
4238
4234
4233
4232
4231
4228
4226
4226
4226
4225
4225
4224
4223
4223
4222
4221
4217
4217
4216
4216
4214
4211
4210
4206
4204
4202
4202
4199
4199
4199
4199
4194
4194
4194
4193
4191
4188
4187
4187
4186
4184
4184
4183
4181
4180
4179
4178
4177
4176
4174
4171
4171
4170
4169
4167
4167
4167
4167
4163
4162
4158
4156
4156
4156
4152
4151
4151
4151
4147
4146
4145
4144
4144
4142
4141
4141
4140
4137
4136
4136
4136
4134
4130
4129
4129
4128
4128
4128
4126
4124
4123
4122
4120
4119
4119
4118
4117
4115
4112
4111
4108
4108
4108
4107
4107
4106
4106
4106
4106
4103
4103
4103
4099
4098
4098
4098
4097
4097
4096
4095
4094
4094
4093
4092
4092
4091
4090
4090
4089
4089
4088
4083
4083
4082
4080
4079
4077
4076
4076
4074
4074
4073
4073
4069
4069
4068
4068
4068
4068
4068
4067
4067
4066
4066
4065
4062
4062
4061
4061
4060
4060
4058
4057
4056
4056
4056
4055
4054
4054
4054
4052
4051
4050
4050
4050
4045
4044
4044
4042
4041
4041
4039
4038
4037
4036
4035
4034
4034
4034
4030
4030
4027
4027
4026
4024
4023
4022
4020
4019
4018
4017
4017
4013
4013
4013
4012
4012
4011
4010
4010
4010
4007
4007
4006
4003
4002
4001
3998
3997
3996
3995
3994
3993
3993
3992
3991
3991
3988
3987
3987
3986
3985
3984
3983
3983
3982
3979
3979
3978
3977
3976
3975
3975
3973
3972
3971
3971
3970
3970
3969
3966
3966
3964
3964
3963
3962
3962
3961
3955
3955
3952
3951
3950
3949
3949
3947
3947
3947
3946
3945
3944
3944
3942
3941
3940
3939
3939
3938
3938
3938
3935
3934
3930
3928
3927
3926
3926
3925
3924
3922
3922
3921
3921
3920
3920
3920
3919
3917
3917
3914
3913
3913
3911
3910
3910
3909
3909
3909
3909
3908
3908
3907
3906
3903
3901
3901
3900
3900
3899
3899
3898
3898
3894
3894
3893
3893
3892
3892
3890
3887
3886
3885
3883
3882
3880
3879
3879
3879
3879
3876
3875
3874
3873
3873
3872
3872
3872
3870
3870
3870
3869
3869
3869
3868
3867
3867
3866
3864
3863
3861
3861
3859
3859
3858
3856
3855
3854
3851
3849
3848
3848
3847
3847
3847
3846
3845
3845
3843
3843
3842
3841
3840
3839
3837
3837
3835
3834
3832
3831
3831
3830
3830
3829
3828
3827
3827
3826
3825
3824
3820
3819
3818
3818
3818
3818
3816
3815
3815
3815
3815
3814
3813
3813
3812
3812
3812
3810
3809
3808
3807
3805
3805
3805
3804
3803
3800
3799
3797
3797
3796
3793
3793
3792
3789
3789
3788
3788
3785
3784
3784
3782
3778
3774
3773
3772
3771
3771
3771
3770
3769
3769
3768
3767
3766
3765
3765
3764
3763
3760
3758
3756
3753
3753
3752
3751
3751
3748
3745
3744
3743
3743
3740
3739
3738
3735
3735
3734
3732
3732
3730
3729
3729
3729
3729
3728
3728
3728
3727
3722
3718
3716
3715
3715
3713
3712
3708
3708
3708
3707
3706
3706
3701
3701
3701
3701
3699
3698
3698
3697
3697
3696
3696
3696
3695
3695
3694
3693
3689
3688
3685
3684
3684
3682
3682
3681
3679
3679
3679
3679
3678
3678
3676
3676
3675
3674
3674
3674
3672
3670
3667
3667
3667
3663
3660
3659
3658
3658
3657
3655
3653
3653
3652
3649
3649
3647
3645
3645
3644
3644
3644
3642
3642
3640
3640
3639
3639
3638
3638
3636
3634
3634
3631
3631
3630
3630
3630
3627
3627
3626
3625
3624
3623
3622
3622
3620
3619
3618
3618
3617
3616
3615
3614
3614
3614
3614
3613
3612
3611
3611
3611
3609
3607
3604
3603
3603
3600
3599
3597
3596
3595
3595
3595
3595
3594
3593
3591
3589
3589
3588
3587
3586
3586
3585
3584
3583
3582
3581
3581
3581
3580
3579
3579
3576
3574
3572
3572
3572
3571
3570
3569
3569
3567
3566
3563
3561
3560
3560
3560
3560
3559
3556
3556
3554
3553
3550
3549
3547
3546
3542
3542
3542
3539
3538
3535
3535
3534
3534
3533
3533
3532
3532
3531
3528
3525
3525
3523
3523
3520
3520
3520
3518
3516
3514
3512
3511
3511
3510
3508
3508
3507
3506
3506
3505
3503
3503
3502
3502
3497
3496
3494
3493
3493
3493
3491
3490
3486
3486
3486
3486
3484
3484
3483
3480
3479
3477
3476
3476
3472
3472
3471
3471
3471
3470
3469
3468
3468
3466
3464
3464
3464
3461
3461
3461
3459
3459
3458
3457
3455
3455
3454
3454
3453
3453
3451
3451
3451
3451
3450
3447
3445
3444
3442
3442
3439
3439
3439
3439
3439
3438
3437
3437
3436
3436
3435
3434
3434
3433
3433
3432
3431
3429
3429
3426
3426
3425
3423
3420
3416
3413
3412
3412
3410
3405
3405
3403
3402
3402
3398
3398
3397
3397
3395
3395
3395
3395
3394
3394
3391
3391
3390
3390
3389
3388
3388
3388
3388
3386
3386
3385
3383
3378
3377
3374
3374
3373
3372
3372
3370
3370
3369
3368
3367
3367
3366
3366
3366
3366
3364
3363
3362
3362
3362
3361
3355
3352
3351
3350
3349
3349
3347
3347
3346
3346
3343
3343
3341
3340
3338
3338
3336
3336
3336
3334
3332
3330
3329
3329
3328
3328
3326
3326
3324
3324
3323
3322
3321
3319
3316
3315
3315
3314
3313
3312
3311
3311
3310
3310
3309
3309
3309
3308
3306
3306
3305
3305
3305
3303
3301
3300
3299
3298
3297
3296
3293
3293
3292
3291
3290
3289
3289
3288
3288
3288
3286
3283
3282
3282
3282
3282
3280
3279
3279
3278
3277
3277
3276
3275
3274
3273
3272
3272
3272
3272
3270
3269
3269
3268
3268
3268
3267
3265
3264
3264
3263
3263
3263
3262
3262
3261
3260
3259
3259
3258
3257
3256
3255
3255
3250
3249
3247
3247
3246
3245
3242
3242
3240
3237
3235
3233
3233
3233
3229
3229
3226
3222
3219
3219
3218
3217
3215
3213
3213
3213
3212
3210
3207
3207
3206
3206
3204
3202
3202
3198
3197
3197
3197
3194
3191
3190
3189
3188
3188
3186
3186
3186
3186
3184
3183
3182
3181
3179
3179
3177
3176
3175
3174
3173
3172
3171
3171
3167
3165
3165
3165
3164
3164
3162
3162
3160
3159
3158
3156
3155
3155
3155
3154
3154
3153
3151
3151
3150
3149
3149
3146
3145
3145
3145
3144
3144
3144
3141
3140
3140
3139
3139
3138
3132
3131
3130
3128
3127
3126
3124
3123
3123
3123
3122
3121
3121
3120
3117
3117
3116
3116
3115
3114
3113
3112
3112
3111
3111
3111
3111
3110
3110
3108
3107
3106
3105
3105
3104
3103
3103
3099
3098
3097
3096
3094
3094
3091
3091
3090
3089
3088
3088
3087
3086
3086
3085
3085
3084
3084
3083
3083
3081
3080
3080
3080
3078
3077
3074
3073
3071
3071
3069
3067
3067
3067
3066
3064
3064
3063
3061
3059
3058
3057
3057
3055
3054
3054
3054
3053
3051
3049
3048
3047
3047
3045
3045
3044
3044
3042
3040
3034
3034
3033
3031
3030
3029
3028
3028
3028
3027
3023
3023
3021
3019
3019
3017
3016
3015
3015
3014
3013
3013
3013
3011
3008
3007
3006
3005
3003
3001
3000
3000
3000
2997
2997
2995
2994
2993
2989
2987
2987
2986
2984
2982
2982
2981
2980
2980
2978
2976
2974
2974
2973
2972
2970
2968
2964
2963
2963
2961
2960
2959
2959
2958
2957
2956
2956
2956
2955
2954
2951
2950
2950
2949
2948
2948
2948
2948
2947
2946
2946
2945
2944
2943
2943
2942
2940
2940
2939
2939
2939
2939
2939
2938
2938
2936
2935
2934
2933
2933
2933
2932
2931
2931
2930
2929
2928
2927
2926
2926
2925
2925
2924
2921
2918
2917
2917
2916
2916
2914
2912
2911
2911
2910
2908
2907
2907
2907
2904
2904
2904
2903
2902
2901
2901
2898
2898
2894
2894
2891
2891
2889
2887
2886
2886
2885
2884
2882
2882
2881
2880
2879
2879
2878
2878
2878
2877
2876
2876
2874
2874
2873
2873
2872
2872
2871
2870
2870
2870
2869
2869
2869
2868
2868
2866
2864
2863
2863
2861
2860
2860
2859
2859
2856
2855
2855
2854
2853
2852
2849
2849
2848
2848
2847
2847
2846
2846
2845
2844
2843
2843
2842
2842
2840
2839
2838
2838
2836
2833
2833
2832
2831
2829
2828
2827
2823
2822
2822
2816
2816
2815
2814
2814
2810
2809
2808
2808
2807
2806
2805
2805
2804
2800
2799
2799
2797
2796
2796
2795
2795
2794
2794
2794
2793
2791
2788
2788
2786
2786
2785
2784
2782
2781
2779
2778
2777
2774
2774
2773
2771
2769
2765
2765
2763
2763
2763
2760
2760
2759
2758
2757
2757
2756
2756
2756
2755
2754
2754
2753
2751
2751
2750
2749
2748
2746
2746
2745
2744
2743
2743
2743
2742
2741
2741
2740
2739
2739
2737
2737
2737
2736
2735
2735
2734
2734
2733
2731
2731
2728
2726
2726
2726
2726
2726
2725
2722
2722
2720
2720
2719
2718
2717
2714
2714
2713
2712
2710
2706
2705
2704
2704
2704
2702
2701
2700
2698
2698
2696
2696
2695
2694
2693
2693
2690
2690
2690
2689
2687
2685
2684
2684
2684
2682
2680
2680
2678
2677
2676
2676
2672
2670
2670
2669
2669
2665
2665
2664
2663
2663
2663
2662
2661
2659
2659
2657
2656
2655
2655
2654
2654
2651
2651
2648
2647
2645
2645
2644
2644
2644
2642
2642
2640
2638
2637
2637
2637
2635
2635
2634
2632
2631
2628
2628
2628
2627
2626
2626
2624
2622
2622
2622
2620
2618
2617
2617
2616
2616
2612
2612
2611
2611
2609
2609
2609
2608
2606
2605
2605
2602
2601
2599
2599
2596
2595
2592
2592
2590
2590
2590
2589
2589
2588
2588
2586
2585
2585
2584
2583
2581
2581
2581
2580
2580
2580
2579
2579
2578
2576
2574
2574
2573
2573
2573
2572
2570
2569
2565
2562
2562
2561
2558
2557
2556
2556
2554
2552
2550
2548
2547
2547
2546
2546
2545
2542
2541
2540
2540
2539
2537
2537
2536
2536
2536
2535
2533
2533
2532
2530
2528
2528
2528
2528
2527
2527
2527
2526
2526
2526
2526
2525
2524
2523
2522
2520
2520
2519
2519
2517
2515
2515
2514
2512
2510
2510
2509
2508
2507
2505
2505
2505
2504
2504
2503
2503
2502
2502
2501
2498
2498
2497
2497
2493
2493
2490
2486
2486
2485
2484
2484
2482
2481
2479
2477
2477
2477
2475
2474
2474
2472
2472
2471
2470
2469
2467
2466
2466
2464
2462
2460
2459
2457
2457
2456
2452
2451
2451
2451
2450
2447
2447
2446
2446
2445
2445
2445
2445
2444
2443
2442
2441
2441
2441
2441
2440
2439
2436
2436
2436
2436
2435
2435
2435
2431
2431
2431
2430
2429
2428
2427
2426
2426
2425
2424
2424
2423
2423
2422
2421
2421
2420
2420
2419
2418
2418
2416
2416
2416
2415
2415
2415
2415
2410
2407
2407
2404
2402
2400
2400
2400
2397
2396
2395
2394
2393
2392
2391
2391
2390
2390
2390
2386
2386
2386
2385
2385
2382
2382
2382
2382
2379
2379
2379
2377
2375
2375
2374
2373
2371
2371
2370
2370
2370
2367
2366
2365
2364
2364
2363
2362
2361
2360
2360
2358
2357
2355
2355
2354
2354
2353
2349
2348
2348
2348
2347
2346
2345
2345
2341
2341
2341
2340
2339
2339
2338
2335
2334
2334
2333
2333
2333
2331
2331
2330
2329
2329
2328
2325
2324
2322
2321
2320
2320
2319
2318
2317
2317
2316
2315
2309
2307
2305
2304
2303
2302
2300
2299
2298
2297
2296
2294
2294
2294
2294
2293
2293
2293
2291
2291
2291
2291
2289
2288
2287
2287
2285
2282
2281
2280
2279
2278
2277
2277
2277
2276
2276
2275
2274
2272
2271
2270
2268
2268
2268
2268
2268
2267
2264
2263
2263
2263
2261
2259
2259
2258
2256
2256
2255
2254
2254
2254
2254
2253
2253
2251
2251
2250
2249
2249
2249
2249
2249
2249
2248
2247
2246
2244
2244
2241
2239
2239
2237
2237
2237
2237
2236
2236
2235
2235
2234
2231
2231
2230
2227
2225
2225
2225
2224
2224
2223
2223
2222
2220
2220
2219
2217
2216
2214
2214
2214
2210
2210
2208
2208
2206
2206
2205
2204
2204
2202
2201
2201
2201
2201
2201
2200
2199
2197
2197
2195
2195
2194
2194
2193
2191
2189
2188
2188
2186
2186
2186
2185
2183
2182
2179
2178
2176
2175
2175
2175
2175
2174
2172
2172
2171
2171
2168
2168
2167
2167
2166
2166
2166
2164
2163
2162
2162
2162
2162
2160
2160
2159
2156
2156
2154
2152
2151
2151
2150
2149
2149
2148
2147
2145
2145
2144
2143
2143
2142
2142
2141
2140
2139
2138
2137
2136
2134
2134
2132
2132
2132
2132
2131
2130
2129
2129
2127
2127
2126
2121
2120
2119
2117
2116
2116
2115
2113
2113
2111
2109
2109
2104
2104
2103
2103
2102
2102
2101
2101
2097
2096
2096
2095
2094
2094
2092
2092
2090
2090
2089
2088
2088
2088
2087
2087
2086
2085
2083
2080
2080
2079
2078
2077
2074
2073
2072
2072
2070
2069
2069
2069
2069
2068
2068
2065
2065
2064
2062
2061
2058
2058
2057
2054
2054
2051
2050
2049
2049
2046
2046
2045
2044
2043
2043
2042
2040
2040
2038
2036
2035
2035
2035
2033
2030
2029
2029
2029
2026
2026
2025
2025
2025
2023
2023
2020
2019
2018
2018
2017
2015
2015
2014
2012
2011
2010
2008
2008
2005
2004
2003
2002
2002
2002
2000
2000
1999
1999
1997
1997
1996
1995
1991
1990
1990
1989
1989
1987
1987
1986
1984
1983
1982
1981
1980
1980
1979
1979
1979
1978
1977
1977
1976
1976
1975
1973
1971
1971
1966
1966
1965
1965
1965
1964
1961
1960
1959
1957
1957
1956
1956
1954
1952
1952
1949
1947
1946
1945
1944
1944
1943
1942
1942
1941
1940
1939
1939
1937
1937
1937
1935
1935
1935
1933
1932
1931
1930
1930
1930
1929
1928
1927
1926
1926
1925
1924
1924
1923
1923
1918
1917
1916
1916
1915
1915
1915
1913
1912
1912
1910
1909
1905
1905
1903
1903
1902
1902
1901
1901
1901
1900
1899
1898
1898
1896
1896
1896
1895
1893
1892
1891
1890
1890
1888
1888
1887
1886
1886
1883
1881
1880
1879
1879
1878
1877
1877
1876
1876
1875
1875
1874
1872
1872
1871
1871
1870
1869
1869
1868
1868
1868
1868
1867
1866
1866
1866
1865
1863
1861
1861
1859
1859
1858
1857
1855
1855
1855
1853
1851
1851
1851
1850
1849
1849
1848
1847
1846
1844
1844
1844
1842
1841
1839
1839
1836
1834
1834
1833
1833
1831
1828
1828
1825
1825
1824
1822
1821
1819
1819
1818
1818
1818
1817
1817
1817
1816
1815
1810
1810
1810
1809
1808
1808
1807
1805
1802
1801
1798
1797
1796
1793
1792
1792
1792
1792
1791
1791
1791
1790
1790
1787
1786
1785
1784
1782
1780
1779
1777
1777
1776
1774
1772
1772
1772
1772
1771
1771
1770
1769
1768
1767
1767
1766
1765
1764
1762
1760
1759
1759
1754
1754
1754
1753
1753
1753
1751
1750
1750
1748
1748
1747
1747
1747
1746
1745
1745
1744
1743
1743
1742
1742
1741
1740
1739
1738
1736
1736
1735
1735
1735
1732
1731
1730
1729
1729
1728
1725
1724
1724
1719
1718
1716
1714
1713
1711
1710
1707
1706
1706
1704
1703
1703
1703
1700
1699
1698
1698
1697
1696
1693
1693
1692
1691
1690
1688
1687
1686
1685
1685
1685
1683
1683
1683
1682
1681
1681
1681
1680
1680
1679
1679
1678
1678
1677
1676
1675
1675
1671
1670
1670
1670
1669
1669
1668
1667
1664
1662
1660
1660
1660
1659
1658
1658
1656
1655
1655
1655
1654
1654
1652
1651
1648
1648
1647
1647
1647
1646
1645
1645
1643
1642
1642
1642
1641
1640
1640
1639
1638
1637
1636
1634
1632
1632
1632
1628
1628
1627
1626
1625
1624
1624
1623
1622
1618
1618
1617
1616
1616
1613
1613
1613
1611
1610
1610
1609
1607
1606
1606
1605
1602
1601
1601
1601
1600
1600
1600
1597
1596
1595
1595
1595
1594
1593
1592
1592
1590
1589
1588
1587
1587
1585
1585
1585
1585
1583
1583
1582
1579
1579
1578
1578
1578
1575
1574
1573
1572
1571
1571
1568
1568
1566
1566
1566
1563
1563
1563
1562
1561
1561
1560
1558
1557
1553
1553
1552
1549
1549
1549
1546
1546
1545
1540
1536
1534
1532
1532
1531
1531
1530
1529
1528
1528
1528
1527
1527
1526
1526
1526
1525
1525
1525
1524
1523
1523
1523
1521
1520
1518
1517
1516
1515
1513
1513
1512
1507
1507
1507
1507
1506
1504
1504
1503
1502
1500
1498
1498
1497
1495
1495
1495
1495
1495
1494
1493
1493
1492
1490
1490
1490
1488
1487
1486
1484
1484
1482
1482
1482
1481
1481
1480
1480
1480
1479
1479
1479
1479
1478
1478
1478
1477
1476
1476
1476
1475
1470
1469
1469
1469
1468
1468
1467
1466
1466
1464
1464
1464
1463
1463
1462
1461
1461
1460
1459
1458
1457
1454
1451
1450
1450
1445
1444
1443
1443
1443
1443
1443
1439
1439
1438
1437
1437
1437
1436
1436
1436
1434
1432
1431
1431
1427
1427
1426
1426
1425
1423
1423
1422
1421
1420
1418
1417
1416
1416
1413
1413
1413
1411
1411
1411
1407
1407
1406
1405
1405
1405
1405
1405
1404
1403
1403
1402
1399
1398
1397
1396
1396
1395
1394
1393
1393
1392
1392
1392
1391
1390
1390
1389
1389
1389
1388
1388
1387
1383
1383
1382
1382
1381
1381
1377
1377
1376
1376
1376
1375
1375
1374
1370
1370
1365
1364
1364
1362
1355
1355
1354
1353
1353
1352
1351
1351
1351
1350
1348
1348
1345
1344
1344
1343
1343
1342
1342
1341
1340
1338
1337
1336
1334
1334
1331
1331
1330
1329
1327
1325
1324
1323
1321
1321
1319
1318
1317
1316
1315
1315
1314
1313
1313
1312
1312
1312
1312
1311
1311
1308
1308
1303
1301
1301
1299
1298
1298
1297
1296
1295
1295
1295
1294
1294
1294
1293
1292
1292
1291
1289
1288
1287
1286
1286
1285
1285
1284
1282
1282
1281
1281
1280
1280
1280
1277
1277
1277
1277
1276
1276
1275
1274
1272
1271
1270
1265
1265
1264
1263
1261
1261
1261
1260
1260
1259
1259
1258
1257
1254
1254
1254
1253
1252
1252
1246
1246
1246
1244
1241
1238
1236
1236
1235
1235
1234
1233
1230
1230
1230
1229
1229
1227
1227
1226
1224
1221
1220
1219
1218
1216
1216
1216
1214
1214
1213
1212
1211
1209
1209
1208
1205
1205
1205
1205
1201
1201
1200
1199
1197
1197
1196
1196
1195
1195
1195
1194
1193
1190
1189
1189
1186
1182
1181
1181
1179
1177
1176
1174
1170
1170
1170
1169
1169
1168
1168
1167
1167
1164
1164
1163
1162
1161
1161
1161
1159
1159
1155
1154
1154
1149
1147
1147
1147
1146
1145
1144
1144
1141
1141
1141
1141
1140
1139
1138
1138
1134
1134
1131
1130
1130
1129
1128
1128
1127
1125
1125
1125
1123
1122
1122
1121
1121
1120
1119
1118
1118
1118
1114
1114
1114
1112
1112
1111
1109
1109
1107
1107
1107
1107
1107
1107
1105
1104
1104
1103
1103
1102
1101
1100
1098
1098
1094
1094
1093
1092
1088
1086
1085
1085
1084
1084
1084
1083
1082
1080
1078
1078
1077
1076
1076
1074
1073
1073
1072
1071
1071
1071
1070
1066
1066
1064
1064
1063
1061
1060
1059
1057
1056
1053
1053
1050
1050
1049
1048
1047
1046
1046
1045
1044
1044
1042
1042
1041
1041
1039
1038
1038
1038
1037
1037
1036
1036
1036
1034
1034
1033
1032
1030
1030
1030
1026
1023
1023
1021
1021
1021
1019
1018
1017
1016
1016
1014
1014
1012
1011
1010
1008
1008
1007
1007
1001
1000
1000
999
999
997
995
995
995
994
994
993
992
991
991
988
987
986
985
985
984
984
983
983
982
982
982
982
980
978
978
976
973
972
972
970
967
966
965
964
963
963
961
961
960
959
959
959
956
954
951
950
949
948
946
946
945
945
942
942
940
940
938
937
933
932
932
931
928
925
925
923
921
921
921
920
920
919
919
919
918
917
917
917
917
917
915
914
912
910
909
908
907
905
903
902
902
899
898
898
896
895
895
895
895
894
894
894
894
893
892
892
891
891
890
890
889
888
888
887
887
886
886
886
882
882
882
880
880
879
879
878
873
873
872
871
870
870
870
867
867
866
865
863
862
862
861
861
860
859
859
858
856
855
854
854
854
854
854
853
850
850
849
846
846
845
845
843
842
842
841
839
835
834
833
832
832
830
830
829
829
829
829
828
827
827
825
824
823
822
821
819
816
816
814
814
814
808
808
808
805
804
804
803
802
799
798
798
798
798
798
797
796
795
794
791
789
786
784
783
783
783
782
782
779
776
772
771
770
770
769
765
763
762
761
758
757
756
754
754
754
753
753
752
751
751
751
751
750
750
750
747
746
746
746
746
746
745
745
743
743
743
742
742
740
739
738
736
733
733
732
732
728
727
726
725
725
724
723
723
722
722
722
720
720
720
720
719
719
718
718
716
716
716
714
713
713
712
712
711
710
710
707
707
702
702
700
700
698
697
695
694
694
693
692
692
692
692
690
689
688
687
686
686
686
685
685
682
675
675
675
675
674
673
673
673
670
669
667
667
666
666
663
663
661
660
660
660
660
657
657
655
654
654
654
654
653
652
652
649
648
647
647
646
646
645
644
643
642
641
640
638
637
636
635
631
628
628
627
622
622
621
621
620
619
619
619
619
619
617
617
614
614
613
613
613
613
612
610
608
607
607
607
607
606
606
605
603
603
602
602
601
600
600
599
596
591
591
590
589
588
588
588
585
583
580
579
579
576
572
571
571
569
569
568
568
566
565
563
558
556
555
551
551
551
550
549
548
547
547
543
542
540
539
538
537
536
536
535
535
534
532
531
531
530
529
529
528
528
526
526
526
524
522
521
521
520
520
520
519
518
518
515
513
512
511
511
511
511
510
509
508
508
506
505
503
501
497
496
494
492
489
488
487
487
487
486
484
484
483
481
481
480
479
479
478
478
477
476
476
475
475
475
474
474
473
473
472
472
471
469
467
465
463
463
462
462
459
458
457
457
454
453
450
449
449
448
446
445
442
441
441
440
440
440
440
439
438
437
437
435
432
431
431
431
430
428
428
426
426
425
424
423
422
421
421
418
416
416
415
411
410
409
409
409
407
407
407
405
405
403
401
400
397
395
394
393
392
390
389
389
388
384
382
381
380
379
379
377
373
373
372
371
370
369
368
365
363
362
360
360
360
358
358
357
356
354
353
353
352
350
350
348
346
345
344
342
341
340
340
337
335
334
334
332
329
329
327
327
325
325
325
324
323
322
321
320
320
318
318
314
313
313
312
312
311
311
309
308
308
307
307
306
306
306
306
305
302
302
299
298
296
294
294
292
290
290
288
285
283
281
277
275
274
273
273
272
270
269
268
267
267
267
266
263
261
261
261
259
258
258
257
257
257
252
252
252
250
247
246
246
244
242
242
239
238
236
233
232
232
231
231
230
229
228
226
226
225
218
218
215
213
212
211
210
210
209
208
208
207
204
203
203
203
203
202
202
201
201
200
198
197
196
196
195
195
195
194
191
191
189
188
188
187
186
186
184
183
181
177
176
176
174
174
174
173
173
170
169
167
163
163
160
160
159
159
159
158
158
157
156
155
154
154
153
153
153
152
151
150
150
150
147
146
145
140
139
139
139
139
138
137
137
135
134
134
133
133
133
131
130
130
129
129
127
126
122
122
121
121
119
119
119
119
118
118
117
117
112
111
111
109
109
109
109
108
108
108
107
106
105
105
105
101
101
100
97
97
96
96
95
93
91
90
88
87
87
86
86
85
85
84
83
80
78
77
77
77
75
73
72
71
71
71
69
68
68
68
63
61
61
59
58
57
55
54
52
51
51
50
47
45
44
43
43
41
41
36
36
35
34
33
30
28
28
26
26
26
24
23
21
20
19
18
17
15
14
12
12
12
10
9
7
5
4
4
3
2